287032
287029
287020
286721
286552
286549
286546
286543
286540
286537
286528
286519
286516
286393
286390
286387
286378
286375
286372
286369
286348
286345
286342
286189
286015
285970
285967
285964
285958
285904
285850
285847
285838
285835
285832
285829
285826
285823
285820
285817
285808
285802
285799
285715
285650
285626
285545
285542
285536
285533
285530
285527
285524
285314
285296
285284
285182
285179
285176
285173
285152
285089
285086
285083
285080
285077
285074
284891
284888
284867
284864
284861
284858
284855
284837
284816
284813
284810
284807
284804
284801
284798
284795
284792
284789
284777
284771
284768
284762
284759
284732
284648
284645
284642
284636
284633
284471
284363
284357
284354
284348
284345
284342
284333
284245
284236
284233
284230
284050
284047
284044
284041
284038
284035
284032
284029
284026
284023
284020
284014
284011
284008
284002
283993
283990
283987
283984
283754
283748
283739
283730
283720
283714
283711
283708
283666
283633
283630
283624
283621
283618
283615
283612
283483
283480
283477
283474
283471
283468
283465
283456
283433
283430
283427
283424
283421
283418
283415
283326
283215
283212
283197
283194
283191
283188
283185
283182
283179
283176
283173
283170
283167
283164
283161
283158
283155
283152
283149
283146
283143
283137
283134
283131
283128
283125
283122
283119
283116
283113
283110
283107
283104
283101
283098
283095
283092
283089
283086
283083
283080
283077
283074
283071
283068
283065
283062
283059
283056
283053
283050
283047
283044
283041
283038
283035
283032
282914
282911
282905
282902
282899
282893
282890
282887
282884
282878
282875
282872
282866
282860
282815
282671
282668
282665
282662
282659
282656
282653
282650
282647
282644
282641
282638
282635
282632
282629
282626
282621
282618
282612
282609
282606
282603
282600
282483
282480
282453
282450
282447
282432
282426
282411
282336
282328
282325
282322
282319
282316
282313
282310
282307
282304
282301
282298
282295
282292
282289
282286
282283
282280
282277
282274
282271
282268
282265
282262
282223
282220
282217
282214
282211
282208
282205
282202
282199
282196
282193
282175
282172
282169
282166
282163
282160
282157
282154
282151
282148
282034
282031
282028
282025
282022
282019
282016
282013
282010
282007
282004
282001
281998
281995
281992
281989
281986
281983
281980
281977
281974
281971
281968
281965
281937
281934
281931
281928
281925
281913
281910
281907
281904
281901
281898
281895
281892
281889
281885
281876
281867
281861
281858
281849
281802
281799
281796
281793
281790
281787
281784
281781
281761
281470
281464
281461
281455
281449
281446
281443
281335
281332
281329
281055
280986
280980
280977
280968
280920
280917
280914
280908
280905
280890
280884
280881
280878
280875
280872
280869
280842
280833
280827
280818
280809
280576
280573
280570
280567
280474
280459
280456
280450
280447
280441
280422
280407
280383
280371
280365
280356
280347
280344
280195
280192
280189
280183
280127
280121
280112
280103
280094
280060
280057
279970
279964
279961
279958
279680
279673
279670
279525
279522
279519
279516
279510
279507
279504
279498
279431
279428
279404
279401
279398
279395
279392
279389
279386
279383
279380
279377
279374
279371
279368
279365
279362
279242
279239
279236
279233
279230
279227
279224
279221
279176
279167
279158
279152
279131
279128
279125
279122
279116
279011
279008
279005
279002
278999
278996
278993
278990
278987
278984
278981
278978
278975
278972
278969
278966
278963
278960
278957
278954
278951
278948
278945
278942
278651
278648
278645
278642
278639
278538
278535
278532
278529
278526
278523
278520
278517
278514
278511
278508
278505
278502
278499
278496
278493
278490
278487
278484
278481
278478
278475
278472
278469
278466
278463
278460
278457
278454