275141
275168
275171
275174
275177
275180
275183
275186
275189
275192
275195
275198
275201
275204
275207
275210
275223
275226
275229
275232
275235
275238
275241
275244
275250
275253
275256
275259
275262
275271
275310
275313
275319
275379
275382
275385
275388
275391
275394
275397
275400
275403
275406
275409
275412
275418
275421
275424
275427
275430
275433
275436
275439
275442
275445
275448
275451
275454
275457
275460
275463
275466
275469
275472
275475
275478
275481
275487
275490
275493
275496
275781
275787
275790
275793
275799
275808
275817
275826
275829
275832
275835
275838
275841
275844
275847
275871
275874
275877
275883
275886
275895
275898
275914
275945
275948
275951
275954
275957
275960
275963
275966
275969
276124
276181
276184
276187
276190
276196
276208
276214
276217
276220
276223
276226
276229
276232
276235
276238
276241
276247
276253
276262
276271
276280
276286
276289
276292
276304
276319
276322
276325
276328
276331
276360
276375
276378
276381
276384
276387
276390
276393
276396
276399
276402
276405
276408
276420
276429
276441
276450
276459
276468
276477
276486
276489
276516
276522
276525
276528
276531
276534
276537
276540
276543
276546
276549
276552
276555
276564
276609
276684
276687
276690
276693
276696
276699
276702
276705
276708
276711
276714
276814
276817
276820
276823
276826
276832
276835
276841
276847
276850
276853
276856
276862
276865
276868
276871
276874
276877
276880
276886
276889
276893
276899
276905
276994
277021
277024
277036
277042
277051
277111
277114
277117
277120
277236
277251
277455
277461
277464
277467
277473
277476
277479
277482
277485
277488
277491
277494
277497
277503
277711
277714
277717
277720
277723
277726
277729
277774
277777
277780
277783
277903
277906
277909
277912
277915
277918
278454
278457
278460
278463
278466
278469
278472
278475
278478
278481
278484
278487
278490
278493
278496
278499
278502
278505
278508
278511
278514
278517
278520
278523
278526
278529
278532
278535
278538
278639
278642
278645
278648
278651
278942
278945
278948
278951
278954
278957
278960
278963
278966
278969
278972
278975
278978
278981
278984
278987
278990
278993
278996
278999
279002
279005
279008
279011
279116
279122
279125
279128
279131
279152
279158
279167
279176
279221
279224
279227
279230
279233
279236
279239
279242
279362
279365
279368
279371
279374
279377
279380
279383
279386
279389
279392
279395
279398
279401
279404
279428
279431
279498
279504
279507
279510
279516
279519
279522
279525
279670
279673
279680
279958
279961
279964
279970
280057
280060
280094
280103
280112
280121
280127
280183
280189
280192
280195
280344
280347
280356
280365
280371
280383
280407
280422
280441
280447
280450
280456
280459
280474
280567
280570
280573
280576
280809
280818
280827
280833
280842
280869
280872
280875
280878
280881
280884
280890
280905
280908
280917
280920
280968
280977
280980
280986
281055
281329
281332
281335
281443
281446
281449
281455
281461
281464
281470
281761
281781
281784
281787
281790
281793
281796
281799
281802
281849
281858
281861
281867
281876
281885
281889
281892
281895
281898
281901
281904
281907
281910
281913
281937
281965
281968
281971
282004
282007
282010
282013
282016
282193
282262
282274
282277
282325
282328
282411
282600
282603
282606
282609
282626
282629
282632
282635
282638
282641
282644
282647
282650
282653
282815
283047
283050
283053
283056
283059
283062
283065
283068
283089
283104
283107
283110
283113
283116
283119
283122
283125
283128
283131
283134
283137
283143
283146
283149
283152
283155
283158
283176
283179
283182
283185
283188
283191
283194
283197
283326
283433
283456
283477
283480
283483
283612
283615
283666
283708
283711
283714
283720
283730
283984
283987
283990
284342
284345
284348
284354
284357
284363
284732
284855
284858
284861
284864
284888
284891
285080
285083
