275147
275144
275141
274994
274928
274925
274916
274913
274907
274904
274901
274587
274584
274581
274578
274575
274566
274554
274551
274548
274545
274542
274539
274536
274533
274530
274485
274482
274479
274476
274473
274470
274467
274464
274461
274458
274455
274452
274449
274446
274443
274440
274437
274434
274431
274428
274278
274275
274272
274212
274203
274197
274194
274188
274182
274176
274170
274164
274110
274107
274104
274101
274098
274095
274092
274089
274086
274083
274080
274077
274071
274068
274065
273954
273866
273860
273857
273854
273851
273830
273827
273824
273821
273818
273815
273812
273809
273806
273803
273800
273797
273794
273791
273788
273785
273782
273779
273776
273773
273770
273767
273735
273729
273726
273588
273584
273581
273575
273572
273566
273554
273545
273530
273521
273518
273515
273512
273509
273437
273434
273431
273428
273425
273422
273419
273416
273413
273410
273407
273404
273401
273398
273395
273392
273389
273386
273383
273374
273365
273356
273341
273338
273335
273332
273329
273326
273323
273320
273317
273314
273311
273308
273305
273302
273028
273025
273022
273019
273013
273010
273004
272995
272989
272617
272614
272611
272608
272605
272602
272599
272596
272593
272590
272587
272584
272581
272578
272575
272572
272569
272566
272563
272560
272557
272554
272551
272548
272545
272542
272539
272536
272533
272530
272527
272524
272521
272518
272515
272512
272509
272506
272503
272500
272497
272494
272491
272488
272485
272441
272438
272435
272432
272429
272426
272423
272420
272417
272414
272411
272408
272405
272402
272399
272396
272393
272390
272387
272384
272381
272378
272375
272372
272369
272366
272363
272360
272357
272354
272351
272348
272345
272342
272339
272336
272333
272330
272327
272324
272321
272318
272315
272312
272309
272306
272303
272300
272297
272294
272288
272285
272282
272279
272276
272273
272270
272261
272252
272246
272243
272240
272237
272234
272231
272228
272225
272222
272212
272206
272200
272197
272182
272179
272167
272164
272161
272158
272155
272152
272104
271142
271139
271136
271133
271130
271127
271124
271121
271073
271040
271037
271034
271031
271028
270971
270968
270965
270962
270959
270956
270953
270950
270947
270944
270000
269997
269994
269991
269988
256000
251124
247992
246597
240202
240199
238383
238380
238326
231696
231693
231690
231687
231684
231681
231678
231675
231672
231666
231657
231648
231642
231636
231630
231182
230871
223422
223337
216610
216607
216574
216565
216538
216532
216520
216514
216505
216496
216484
216478
216469
216454
216448
216439
216430
216424
216415
216409
216403
216397
216256
216244
216232
216229
216217
216187
216145
210491
210488
210485
210482
210479
210476
210473
210436
210433
210430
210427
210424
210421
210041
209538
209535
209532
209529
209526
209523
209517
209508
209499
209487
209478
209469
209445
209433
209424
209421
209342
209336
209333
209330
209327
209324
209321
209318
209315
209312
209309
209306
209303
209300
209297
209294
208976
208970
208966
208960
208957
208951
208948
208942
208939
208933
208930
208927
208921
208918
208915
208912
208906
208903
208885
208241
207754
207751
207745
207733
207724
207605
207599
207581
207572
207516
207513
207510
207507
207501
207498
207321
207318
207315
207312
207306
207263
207260
207255
207243
207231
207225
207219
207213
207201
206455
206452
206449
206446
206440
206437
206431
206428
206422
206413
206313
206269
