285083
285080
284891
284888
284864
284861
284858
284855
284732
284363
284357
284354
284348
284345
284342
283990
283987
283984
283730
283720
283714
283711
283708
283666
283615
283612
283483
283480
283477
283456
283433
283326
283197
283194
283191
283188
283185
283182
283179
283176
283158
283155
283152
283149
283146
283143
283137
283134
283131
283128
283125
283122
283119
283116
283113
283110
283107
283104
283089
283068
283065
283062
283059
283056
283053
283050
283047
282815
282653
282650
282647
282644
282641
282638
282635
282632
282629
282626
282609
282606
282603
282600
282411
282328
282325
282277
282274
282262
282193
282016
282013
282010
282007
282004
281971
281968
281965
281937
281913
281910
281907
281904
281901
281898
281895
281892
281889
281885
281876
281867
281861
281858
281849
281802
281799
281796
281793
281790
281787
281784
281781
281761
281470
281464
281461
281455
281449
281446
281443
281335
281332
281329
281055
280986
280980
280977
280968
280920
280917
280908
280905
280890
280884
280881
280878
280875
280872
280869
280842
280833
280827
280818
280809
280576
280573
280570
280567
280474
280459
280456
280450
280447
280441
280422
280407
280383
280371
280365
280356
280347
280344
280195
280192
280189
280183
280127
280121
280112
280103
280094
280060
280057
279970
279964
279961
279958
279680
279673
279670
279525
279522
279519
279516
279510
279507
279504
279498
279431
279428
279404
279401
279398
279395
279392
279389
279386
279383
279380
279377
279374
279371
279368
279365
279362
279242
279239
279236
279233
279230
279227
279224
279221
279176
279167
279158
279152
279131
279128
279125
279122
279116
279011
279008
279005
279002
278999
278996
278993
278990
278987
278984
278981
278978
278975
278972
278969
278966
278963
278960
278957
278954
278951
278948
278945
278942
278651
278648
278645
278642
278639
278538
278535
278532
278529
278526
278523
278520
278517
278514
278511
278508
278505
278502
278499
278496
278493
278490
278487
278484
278481
278478
278475
278472
278469
278466
278463
278460
278457
278454
277918
277915
277912
277909
277906
277903
277783
277780
277777
277774
277729
277726
277723
277720
277717
277714
277711
277503
277497
277494
277491
277488
277485
277482
277479
277476
277473
277467
277464
277461
277455
277251
277236
277120
277117
277114
277111
277051
277042
277036
277024
277021
276994
276905
276899
276893
276889
276886
276880
276877
276874
276871
276868
276865
276862
276856
276853
276850
276847
276841
276835
276832
276826
276823
276820
276817
276814
276714
276711
276708
276705
276702
276699
276696
276693
276690
276687
276684
276609
276564
276555
276552
276549
276546
276543
276540
276537
276534
276531
276528
276525
276522
276516
276489
276486
276477
276468
276459
276450
276441
276429
276420
276408
276405
276402
276399
276396
276393
276390
276387
276384
276381
276378
276375
276360
276331
276328
276325
276322
276319
276304
276292
276289
276286
276280
276271
276262
276253
276247
276241
276238
276235
276232
276229
276226
276223
276220
276217
276214
276208
276196
276190
276187
276184
276181
276124
275969
275966
275963
275960
275957
275954
275951
275948
275945
275914
275898
275895
275886
275883
275877
275874
275871
275847
275844
275841
275838
275835
275832
275829
275826
275817
275808
275799
275793
275790
275787
275781
275496
275493
275490
275487
275481
275478
275475
275472
275469
275466
275463
275460
275457
275454
275451
275448
275445
275442
275439
275436
275433
275430
275427
275424
275421
275418
275412
275409
275406
275403
275400
275397
275394
275391
275388
275385
275382
275379
275319
275313
275310
275271
275262
275259
275256
275253
275250
275244
275241
275238
275235
275232
275229
275226
275223
275210
275207
275204
275201
275198
275195
275192
275189
275186
275183
275180
275177
275174
275171
275168
275141