68809
68808
68728
68240
68239
68238
68237
68236
68235
68234
68233
68232
68231
68230
68229
68228
68227
68226
68225
68224
68153
67948
67946
67897
67756
67703
67578
67577
67576
67575
67294
67065
67064
67063
67062
67060
67059
67057
66876
66865
66863
66707
66702
66552
66547
66545
66544
66543
66540
66538
66536
66535
66534
66145
66114
66069
66033
65900
65782
65679
65578
65577
65576
65575
65574
65132
65104
64901
64895
64834
64824
64823
64789
64584
64583
64582
64581
64580
64579
64308
64231
64229
64039
63843
63841
63673
63672
63595
63513
63512
63511
63510
63509
63478
63477
63476
63475
63474
63473
63472
63471
63470
63469
63467
63466
63465
63460
63459
63458
63304
63244
63101
63015
62989
62952
62933
62932
62931
62619
62593
62517
62458
62424
62346
62345
62344
62343
62342
62341
62289
62258
62257
62256
62255
62254
62253
62251
62245
62243
62242
62241
62239
62107
62106
62105
62103
61888
61695
61682
61680
61490
61488
61486
61431
61428
61427
61426
61425
61423
61421
61420
61419
61418
61379
61378
61377
61376
61264
60694
60690
60681
60680
60633
60609
60535
60369
60368
60355
60354
60353
60351
60349
60348
60347
60346
60335
60324
60321
60245
60244
60243
60230
60227
60225
60223
60222
60221
60220
60219
60218
60217
60216
60215
60214
60213
60139
60138
60137
60097
60096
60080
60078
60077
60076
60075
60073
60072
60071
60070
60061
60048
60035
60031
59977
59976
59975
59974
59969
59968
59852
59799
59739
59738
59729
59728
59727
59726
59725
59724
59685
59684
59683
59682
59485
59376
59375
59374
59373
59372
59371
59370
59369
59368
59367
59366
59365
59364
59363
59362
59361
59360
59358
59357
59355
59354
59352
59349
59346
59344
59341
59339
59333
59332
59331
59324
59323
59322
59321
59320
59319
59318
59317
59316
59315
59314
59313
59312
59311
59310
59280
59277
59271
58865
58861
58860
58859
58858
58857
58856
58855
58854
58808
58807
58806
58805
58804
58773
58772
58771
58770
58769
58768
58767
58766
58765
58764
58763
58762
58760
58759
58758
58757
58756
58755
58754
58753
58720
58719
58718
58717
58716
58715
58712
58646
58644
58564
58559
58558
58556
58555
58553
58552
58551
58550
58549
58548
58547
58546
58545
58544
58543
58542
58541
58540
58539
58538
58537
58536
58535
58534
58533
58532
58531
58530
58529
58527
58526
58525
58524
58523
58522
58521
58520
58519
58518
58517
58516
58515
58514
58513
58512
58511
58510
58509
58508
58507
58506
58505
58504
58503
58502
58501
58500
58499
58498
58497
58496
58495
58494
58493
58492
58491
58490
58489
58488
58487
58486
58485
58484
58483
58482
58481
58480
58479
58478
58477
58476
58475
58303
58298
58269
58268
58250
58225
58215
58214
58213
58212
58198
58031
58030
58029
58028
58027
58026
58025
58024
58023
58022
58021
58020
58019
58018
58017
58016
58015
58014
58013
58012
58011
58010
58009
58008
58007
58006
58005
58004
58003
58002
58001
58000
57999
57998
57997
57996
57995
57994
57993
57992
57991
57990
57989
57988
57987
57986
57985
57984
57983
57982
57981
57980
57979
57978
57977
57976
57975
57974
57973
57972
57971
57970
57969
57951
57916
57914
57839
57838
57837
57836
57835
57834
57833
57832
57804
57803
57801
57800
57798
57797
57795
57794
57793
57792
57626
57625
57624
57623
57622
57597
57596
57595
57594
57593
57592
57591
57590
57589
57588
57587
57586
57585
57584
57583
57582
57581
57580
57579
57578
57577
57576
57575
57574
57573
57572
57571
57570
57569
57568
57567
57566
57565
57564
57563
57562
57561
57560
57559
57558
57557
57556
57555
57554
57553
57552
57551
57550
57549
57548
57547
57546
57545
57544
57543
57539
57536
57533
57529
57528
57518
57517
57421
57408
57407
57406
57405
57404
57403
57402
57401
57400
57389
57388
57387
57386
57385
57384
57383
57382
57381
57380
57379
57378
57377
57376
57375
57374
57373
57362
57346
57294
57219
57139
57138
57132
57124
56714
56573
56545
56544
56543
56542
56541
56540
56539
56538
56537
56536
56535
56534
56533
56532
56531
56530
56529
56528
56527
56526
56379
56372
56302
56301
56300
56299
56298
56297
56296
56244
56227
56213
56129
56128
56127
56125
56054
55974
55973
55972
55971
55938
55937
55936
55935
55934
55933
55932
55931
55930
55929
55928
55927
55926
55925
55924
55923
55922
55921
55920
55919
55918
55917
55916
55915
55914
55913
55912
55911
55910
55909
55512
55511
55389
55385
55273
55272
55271
55270
55269
55268
55267
55266
55265
55264
55263
55262
55261
55260
55259
55258
55257
55256
55255
55254
55083
55034
55031
55030
55029
55028
55027
55026
55025
55024
55023
55022
55021
55017
55016
55015
55014
55013
55011
55010
55009
55008
55007
55006
55005
55004
55003
55002
55001
54888
54887
54886
54879
54877
54875
54867
54865
54863
54798
54797
54796
54795
54794
54793
54792
54791
54790
54789
54788
54787
54786
54785
54784
54783
54782
54781
54780
54779
54721
54719
54718
54716
54715
54714
54665
54621
54615
54612
54572
54571
54570
54569
54568
54567
54563
54520
54394
54371
54360
54349
54317
54304
54303
54295
54225
54119
54118
54113
54111
54110
54109
54099
54098
54097
54096
54095
54094
54093
54092
54091
54090
54000
53876
53760
53758
53757
53705
53704
53703
53702
53701
53700
53699
53698
53697
53696
53693
53692
53691
53690
53689
53688
53687
53686
53685
53684
53683
53682
53681
53680
53679
53678
53647
53646
53609
53608
53607
53605
53602
53561
53433
53271
52953
52843
52825
52791
52790
52789
52786
52784
52781
52779
52777
52648
52632
52526
52524
52522
52521
52520
52519
52518
52517
52516
52515
52513
52510
52508
52507
52506
52474
52468
52466
52465
52454
52374
52373
52372
52363
52336
52335
52334
52333
52332
52331
52330
52329
52328
52327
52309
52308
52307
52306
52305
52304
52303
52302
52301
52300
52299
52298
52297
52296
52196
52194
52193
52192
52191
52189
52188
52187
52184
52172
52151
52150
52143
52115
52103
52097
52077
52066
52038
51972
51948
51889
51883
51843
51842
51832
51770
51769
51768
51767
51766
51578
51550
51547
51546
51545
51541
51540
51535
51531
51530
51527
51517
51515
51513
51512
51504
51474
51473
51452
51449
51443
51438
51437
51434
51432
51356
51332
51331
51330
51291
51261
51260
51259
51258
51247
51246
51192
51191
51185
51129
51128
51127
51126
51035
51034
51024
51008
51002
51001
51000
50999
50998
50997
50995
50994
50993
50992
50959
50958
50957
50949
50946
50942
50940
50860
50803
50802
50800
50799
50798
50794
50792
50790
50680
50676
50671
50666
50665
50662
50652
50647
50644
50642
50641
50638
50636
50633
50631
50627
50615
50601
50592
50586
50584
50583
50536
50535
50534
50533
50532
50494
50299
50263
50188
50185
50182
50155
50153
50151
50150
50149
50148
50147
50145
50143
50142
50140
50138
50131
50125
50121
50119
50108
50104
50087
50083
50082
50046
49970
49967
49944
49926
49875
49840
49838
49837
49835
49834
49831
49824
49613
49606
49605
49539
49538
49537
49535
49534
49532
49528
49473
49457
49455
49454
49453
49452
49451
49450
49449
49448
49447
49446
49445
49443
49442
49440
49424
49423
49397
49379
49378
49377
49376
49375
49374
49373
49372
49371
49370
49369
49368
49367
49366
49365
49364
49363
49362
49361
49360
49359
49358
49357
49356
49355
49354
49353
49352
49351
49350
49349
49348
49347
49346
49345
49343
49342
49341
49340
49339
49338
49337
49336
49335
49334
49333
49332
49331
49330
49328
49327
49326
49325
49324
49323
49322
49321
49320
49319
49318
49317
49316
49315
49314
49313
49312
49311
49310
49309
49308
49307
49306
49305
49304
49303
49290
49289
49288
49287
49286
49285
49284
49283
49282
49281
49269
49268
49267
49266
49265
49264
49263
49262
49261
49260
49259
49257
49256
49255
49254
49252
49248
49159
49153
49129
49120
49118
49116
49114
49113
49112
48970
48966
48965
48964
48963
48962
48961
48960
48957
48956
48915
48912
48911
48910
48909
48908
48876
48875
48873
48872
48869
48868
48866
48865
48864
48863
48862
48861
48851
48849
48848
48846
48845
48844
48843
48842
48841
48840
48839
48838
48837
48836
48795
48782
48781
48780
48763
48721
48720
48719
48718
48707
48636
48617
48605
48604
48594
48593
48592
48591
48589
48588
48587
48586
48584
48558
48557
48556
48555
48554
48553
48536
48534
48526
48513
48511
48431
48430
48429
48427
48426
48425
48424
48423
48380
48277
48276
48275
48274
48273
48272
48271
48270
48269
48266
48263
48262
48261
48257
48251
48209
48208
48207
48206
48205
48185
48180
48179
48177
48176
48172
48110
48109
48108
48107
48106
48105
48104
48103
48102
48101
48099
48098
48095
48093
48064
47947
47946
47850
47848
47776
47775
47772
47771
47770
47768
47766
47765
47762
47760
47757
47729
47728
47727
47636
47634
47632
47631
47629
47628
47627
47626
47625
47624
47623
47622
47611
47610
47608
47579
47578
47577
47576
47574
47573
47572
47571
47570
47569
47568
47567
47566
47565
47558
47557
47556
47553
47516
47515
47483
47482
47481
47480
47479
47478
47477
47476
47457
47456
47455
47412
47403
47331
47328
47309
47307
47303
47302
47300
47299
47297
47285
47284
47281
47280
47279
47237
47235
47231
47230
47228
47227
47223
47204
47199
47191
47190
47189
47188
47187
47186
47185
47184
47183
47182
47181
47180
47179
47176
47157
47156
47145
47144
47143
47138
47137
47136
47135
47081
47077
47011
47009
47008
46987
46958
46957
46956
46955
46954
46939
46904
46889
46888
46887
46886
46885
46846
46845
46842
46841
46838
46827
46826
46824
46823
46822
46821
46815
46814
46811
46810
46809
46808
46807
46765
46764
46732
46669
46667
46665
46664
46663
46662
46661
46660
46659
46658
46657
46656
46643
46642
46641
46640
46639
46636
46635
46633
46632
46631
46629
46628
46626
46624
46623
46622
46621
46620
46619
46618
46617
46616
46615
46614
46613
46612
46611
46561
46560
46559
46558
46522
46518
46493
46492
46491
46490
46489
46488
46487
46486
46479
46443
46440
46432
46407
46406
46405
46404
46403
46402
46401
46400
46399
46398
46397
46374
46371
46369
46367
46207
46206
46204
46203
46202
46201
46200
46199
46198
46197
46196
46195
46194
46193
46192
46191
46190
46189
46188
46187
46186
46185
46184
46183
46182
46127
46081
46080
46045
46024
46020
46018
46008
46006
45998
45962
45961
45958
45955
45953
45951
45949
45948
45947
45946
45942
45941
45939
45933
45932
45931
45930
45923
45922
45861
45857
45819
45795
45767
45665
45647
45645
45638
45637
45636
45635
45634
45630
45628
45625
45623
45620
45618
45617
45606
45533
45502
45500
45499
45490
45469
45454
45449
45448
45447
45446
45435
45434
45433
45432
45358
45356
45343
45340
45298
45297
45294
45278
45276
45275
45273
45272
45271
45270
45269
45268
45259
45253
45251
45249
45247
45246
45245
45244
45243
45242
45241
45240
45239
45238
45237
45236
45235
45234
45233
45232
45231
45230
45229
45228
45227
45226
45225
45224
45223
45222
45221
45220
45219
45218
45217
45216
45215
45214
45213
45212
45211
45210
45209
45208
45207
45206
45205
45204
45203
45202
45201
45200
45199
45198
45197
45196
45195
45194
45193
45192
45191
45190
45189
45188
45186
45185
45182
45180
45177
45175
45173
45172
45162
45142
45141
45140
45139
45114
45112
45108
45107
45106
45105
45057
45056
45055
45054
45053
45052
45051
45050
44931
44917
44859
44858
44856
44855
44854
44853
44852
44851
44850
44849
44848
44847
44846
44845
44844
44843
44842
44841
44840
44839
44838
44837
44836
44835
44834
44833
44832
44831
44830
44829
44828
44821
44820
44819
44818
44817
44816
44815
44814
44805
44804
44803
44802
44801
44800
44799
44798
44797
44791
44790
44788
44780
44779
44778
44777
44771
44758
44757
44756
44755
44754
44753
44751
44746
44724
44722
44721
44720
44719
44717
44712
44711
44710
44704
44703
44702
44701
44700
44699
44698
44697
44696
44695
44694
44693
44692
44691
44690
44689
44688
44685
44684
44683
44682
44681
44680
44679
44678
44677
44676
44664
44663
44662
44661
44660
44659
44658
44657
44656
44655
44654
44653
44652
44651
44650
44648
44647
44646
44645
44644
44643
44562
44560
44520
44519
44518
44497
44412
44411
44410
44408
44397
44396
44394
44393
44392
44391
44390
44389
44388
44387
44386
44385
44384
44383
44382
44381
44380
44379
44378
44377
44376
44374
44373
44372
44371
44370
44369
44368
44367
44350
44348
44347
44173
44170
44169
44140
44139
44138
44137
44136
44135
44133
44132
44131
44129
44128
44127
44125
44110
44107
44102
44101
44100
44099
44098
44097
44096
44092
44091
44088
44087
44086
44080
44016
44011
44004
44003
44002
44001
44000
43999
43998
43997
43996
43995
43994
43993
43992
43991
43990
43989
43988
43987
43986
43985
43961
43953
43936
43934
43933
43931
43930
43928
43926
43925
43882
43881
43880
43879
43878
43877
43876
43875
43872
43845
43844
43843
43842
43838
43837
43816
43815
43814
43813
43812
43811
43810
43809
43808
43807
43806
43805
43804
43803
43801
43800
43799
43798
43797
43796
43795
43793
43792
43791
43790
43789
43788
43787
43786
43785
43774
43769
43768
43767
43766
43765
43763
43761
43760
43759
43758
43757
43756
43755
43754
43753
43752
43751
43750
43749
43748
43747
43746
43745
43744
43743
43742
43741
43740
43739
43738
43737
43736
43734
43733
43732
43731
43730
43729
43728
43727
43726
43725
43724
43722
43719
43706
43705
43704
43703
43697
43696
43695
43694
43693
43691
43690
43689
43688
43687
43686
43683
43679
43678
43670
43669
43668
43667
43666
43665
43664
43663
43662
43661
43660
43659
43658
43657
43656
43655
43654
43653
43648
43641
43636
43635
43632
43631
43607
43606
43581
43580
43579
43578
43576
43575
43572
43571
43554
43551
43550
43536
43535
43534
43533
43532
43531
43530
43529
43528
43527
43526
43525
43524
43523
43522
43521
43520
43519
43481
43480
43476
43468
43437
43436
43435
43434
43388
43387
43386
43385
43384
43383
43382
43381
43380
43379
43356
43355
43354
43353
43352
43351
43350
43341
43339
43327
43326
43325
43324
43323
43317
43316
43315
43307
43306
43290
43288
43287
43206
43194
43193
43192
43191
43190
43189
43188
43185
43184
43182
43179
43178
43170
43168
43167
43166
43165
43126
43125
43112
43111
43110
43109
43108
43107
43106
43105
43104
43103
43102
43101
43100
43099
43098
43097
43096
43095
43094
43093
43092
43091
43090
43089
43088
43077
43076
43075
43074
43073
43072
43071
43070
43069
43068
43067
43066
43065
43064
43063
43062
43061
43060
43011
42985
42965
42958
42944
42937
42899
42885
42884
42883
42876
42849
42808
42717
42716
42715
42714
42713
42709
42708
42707
42706
42704
42703
42702
42698
42695
42691
42688
42687
42657
42648
42618
42596
42591
42587
42581
42568
42560
42548
42545
42544
42543
42542
42540
42524
42523
42522
42516
42515
42514
42509
42506
42505
42503
42499
42498
42496
42495
42494
42492
42491
42490
42489
42488
42487
42486
42485
42484
42483
42481
42480
42470
42469
42466
42463
42462
42459
42458
42457
42455
42454
42450
42434
42428
42414
42413
42411
42408
42404
42403
42402
42401
42400
42362
42345
42344
42335
42329
42328
42327
42294
42280
42279
42278
42277
42275
42274
42273
42272
42271
42270
42269
42268
42267
42266
42265
42264
42263
42262
42261
42260
42259
42257
42255
42254
42203
42202
42201
42200
42179
42170
42162
42160
42159
42148
42120
42119
42066
42065
42064
42063
42062
42061
42060
42059
42025
42024
42021
42006
41963
41918
41913
41871
41856
41800
41797
41794
41793
41792
41761
41760
41759
41738
41737
41736
41735
41734
41733
41732
41731
41730
41729
41728
41727
41726
41725
41724
41723
41722
41721
41720
41719
41718
41717
41712
41711
41710
41695
41688
41685
41665
41664
41663
41662
41550
41456
41447
41333
41304
41299
41249
41248
41247
41156
41151
41137
41136
41135
41134
41133
41132
41131
41130
41127
41125
41114
41105
41104
41103
41034
41028
41027
41026
41023
41022
41000
40973
40972
40971
40946
40928
40927
40926
40925
40924
40923
40922
40921
40920
40919
40918
40917
40916
40915
40914
40913
40912
40911
40910
40909
40908
40907
40898
40849
40843
40842
40830
40829
40828
40827
40826
40825
40816
40814
40798
40797
40793
40788
40787
40786
40785
40784
40783
40782
40781
40780
40779
40778
40777
40742
40741
40711
40710
40709
40698
40697
40696
40695
40688
40680
40669
40668
40667
40666
40619
40582
40581
40576
40567
40558
40557
40535
40533
40531
40530
40498
40491
40483
40482
40417
40371
40365
40350
40342
40334
40322
40321
40318
40239
40236
40235
40234
40233
40232
40231
40172
40147
40145
40138
40137
40133
40130
40126
40125
40124
40123
40117
40112
40108
40107
40105
40104
40085
40042
40026
40025
40024
40023
40022
40021
40020
40019
40017
40015
40005
39997
39994
39993
39992
39990
39985
39984
39983
39982
39981
39980
39979
39978
39977
39976
39975
39954
39930
39926
39925
39922
39918
39860
39788
39781
39778
39766
39737
39735
39724
39581
39579
39578
39575
39570
39569
39568
39407
39377
39376
39375
39351
39272
39269
39261
39100
39071
39070
39053
39018
39000
38996
38995
38979
38957
38956
38945
38944
38756
38755
38754
38753
38752
38751
38750
38749
38748
38695
38691
38689
38674
38662
38654
38642
38470
38469
38468
38467
38466
38465
38464
38463
38462
38461
38460
38456
38414
38409
38408
38403
38401
38288
38287
38137
38136
38133
38122
38110
38079
38078
38077
38074
38072
37970
37930
37929
37928
37927
37926
37925
37895
37894
37893
37892
37891
37890
37889
37888
37887
37886
37885
37884
37883
37882
37881
37880
37879
37878
37877
37876
37875
37874
37873
37872
37871
37795
37794
37784
37740
37738
37737
37695
37694
37690
37689
37642
37635
37623
37590
37581
37575
37571
37569
37568
37567
37565
37563
37562
37561
37560
37517
37514
37512
37511
37510
37506
37504
37500
37496
37494
37490
37489
37488
37487
37485
37484
37480
37463
37454
37450
37438
37390
37341
37339
37338
37307
37229
37228
37227
37226
37225
37224
37223
37222
37221
37220
37210
37196
37190
37189
37158
37122
37107
37106
37105
37104
37102
37086
37072
37070
37069
37068
37036
37034
37020
36974
36953
36891
36837
36820
36819
36818
36817
36815
36814
36813
36810
36808
36806
36805
36804
36803
36802
36801
36800
36799
36798
36797
36796
36792
36748
36733
36682
36681
36680
36679
36678
36677
36676
36675
36674
36673
36672
36671
36670
36669
36668
36655
36637
36611
36530
36529
36475
36474
36467
36466
36465
36464
36463
36462
36461
36460
36459
36457
36396
36384
36383
36382
36379
36376
36375
36374
36372
36369
36367
36355
36352
36351
36349
36348
36347
36346
36340
36315
36282
36218
36148
36087
36086
36085
36084
36083
36082
36081
36080
36079
36078
36026
36020
36019
36018
36017
35998
35997
35946
35940
35932
35931
35930
35929
35928
35927
35926
35880
35860
35848
35835
35831
35796
35784
35782
35781
35725
35722
35721
35720
35678
35677
35676
35675
35674
35673
35672
35670
35669
35668
35667
35634
35575
35574
35573
35572
35571
35570
35569
35567
35566
35563
35561
35559
35558
35556
35555
35553
35552
35550
35549
35539
35527
35505
35503
35482
35476
35464
35462
35445
35435
35432
35425
35416
35383
35367
35360
35357
35351
35350
35345
35340
35333
35329
35328
35327
35324
35274
35247
35221
35207
35183
35166
35150
35097
35096
35093
35092
35073
35070
35066
35065
35037
35033
35032
35031
34946
34943
34936
34935
34934
34925
34924
34922
34905
34891
34878
34841
34795
34794
34793
34792
34791
34790
34789
34743
34740
34739
34738
34735
34725
34700
34698
34696
34694
34683
34681
34680
34673
34669
34666
34663
34662
34661
34660
34635
34633
34632
34631
34630
34629
34628
34627
34625
34619
34613
34593
34592
34591
34590
34589
34588
34587
34575
34552
34551
34550
34529
34528
34527
34526
34525
34524
34514
34512
34510
34500
34499
34498
34497
34496
34495
34494
34473
34472
34471
34470
34467
34443
34442
34441
34439
34438
34437
34417
34410
34409
34408
34407
34406
34399
34395
34394
34392
34348
34347
34310
34309
34308
34307
34306
34305
34304
34303
34302
34301
34300
34298
34297
34296
34295
34284
34281
34277
34268
34267
34248
34239
34231
34228
34220
34207
34206
34172
34163
34162
34161
34160
34157
34156
34155
34154
34153
34152
34151
34150
34149
34147
34146
34145
34143
34140
34137
34085
34054
34053
34052
34051
34050
34037
34034
34033
34007
33969
33966
33963
33962
33961
33960
33959
33958
33957
33956
33955
33954
33953
33952
33951
33950
33949
33947
33946
33945
33944
33943
33940
33937
33935
33933
33925
33918
33912
33911
33910
33862
33861
33812
33801
33800
33777
33766
33764
33762
33761
33760
33759
33758
33754
33753
33740
33737
33733
33732
33731
33730
33729
33718
33717
33715
33714
33713
33682
33681
33680
33662
33661
33660
33658
33657
33656
33655
33654
33653
33652
33651
33650
33649
33648
33647
33646
33645
33644
33643
33570
33569
33568
33567
33565
33564
33563
33562
33561
33543
33542
33541
33537
33534
33533
33476
33474
33432
33414
33413
33412
33406
33399
33397
33396
33392
33389
33384
33378
33375
33374
33373
33319
33318
33317
33316
33315
33314
33313
33312
33311
33310
33309
33308
33307
33270
33267
33266
33262
33253
33251
33250
33249
33248
33245
33244
33237
33228
33227
33226
33225
33224
33215
33196
33195
33182
33181
33180
33176
33175
33174
33173
33168
33167
33166
33165
33164
33163
33162
33161
33160
33158
33146
33145
33144
33136
33132
33124
33121
33120
33106
33099
33097
33085
33084
33083
33080
33079
33073
33072
33071
33070
33069
33068
33067
33066
33061
33056
32990
32989
32988
32986
32956
32955
32954
32953
32942
32941
32940
32939
32938
32935
32931
32929
32925
32923
32922
32849
32839
32838
32834
32799
32750
32727
32702
32689
32676
32630
32586
32585
32584
32581
32580
32578
32576
32575
32571
32570
32568
32554
32553
32552
32551
32550
32549
32500
32476
32455
32453
32452
32435
32424
32423
32422
32421
32420
32419
32418
32417
32416
32415
32414
32412
32411
32410
32409
32408
32407
32404
32403
32402
32401
32400
32399
32390
32389
32379
32378
32377
32376
32375
32374
32373
32371
32369
32367
32366
32365
32363
32361
32360
32359
32358
32357
32356
32355
32354
32353
32352
32351
32350
32349
32348
32347
32346
32345
32344
32341
32339
32337
32335
32330
32328
32326
32325
32324
32292
32286
32250
32249
32246
32245
32241
32238
32234
32230
32228
32226
32224
32223
32221
32220
32217
32158
32157
32156
32155
32154
32153
32152
32148
32147
32146
32141
32140
32139
32138
32137
32135
32134
32133
32130
32127
32126
32090
32073
32072
32066
32065
32057
32052
32051
32050
32049
32048
32047
32046
32045
32044
32043
32042
32041
32040
32039
32038
32037
32031
32030
32003
31982
31981
31979
31978
31973
31970
31954
31947
31941
31936
31930
31925
31924
31923
31870
31869
31868
31867
31865
31864
31855
31853
31852
31851
31850
31849
31848
31847
31846
31843
31839
31838
31830
31808
31802
31801
31800
31799
31798
31797
31796
31795
31794
31793
31792
31791
31790
31789
31788
31785
31783
31782
31780
31779
31778
31777
31776
31775
31774
31773
31770
31769
31767
31766
31765
31764
31760
31759
31758
31757
31756
31755
31754
31753
31752
31736
31713
31712
31704
31700
31692
31691
31688
31687
31686
31685
31684
31683
31682
31681
31680
31679
31678
31677
31676
31675
31674
31673
31672
31671
31670
31669
31668
31667
31666
31665
31664
31638
31637
31630
31629
31627
31595
31594
31593
31582
31581
31580
31572
31571
31569
31548
31539
31537
31536
31535
31534
31532
31531
31530
31525
31523
31520
31515
31514
31513
31510
31506
31505
31504
31500
31499
31498
31492
31490
31484
31478
31477
31448
31447
31411
31410
31405
31404
31399
31398
31397
31396
31395
31394
31392
31391
31390
31389
31388
31385
31384
31383
31382
31381
31380
31378
31377
31376
31375
31373
31372
31370
31369
31364
31362
31360
31357
31356
31355
31354
31353
31352
31351
31350
31349
31348
31347
31346
31345
31344
31343
31340
31337
31336
31335
31330
31324
31323
31322
31320
31319
31317
31316
31315
31314
31312
31311
31310
31309
31308
31307
31306
31305
31304
31303
31295
31272
31267
31265
31264
31263
31262
31261
31260
31259
31239
31237
31234
31233
31232
31231
31229
31228
31227
31187
31186
31170
31165
31161
31157
31156
31145
31144
31142
31101
31048
31047
31046
31030
31029
31027
31024
31023
31022
31021
31020
31019
31018
31017
31016
31015
31014
31012
31010
31009
31008
30978
30976
30975
30974
30973
30972
30971
30969
30967
30966
30963
30961
30959
30957
30949
30948
30947
30945
30944
30942
30941
30933
30925
30924
30911
30910
30909
30908
30907
30906
30905
30903
30898
30881
30877
30849
30848
30847
30846
30845
30835
30834
30833
30832
30831
30830
30829
30828
30827
30826
30825
30824
30823
30822
30805
30804
30803
30802
30801
30800
30786
30785
30784
30780
30774
30773
30754
30752
30751
30750
30749
30748
30747
30746
30745
30744
30743
30742
30741
30740
30739
30738
30737
30736
30719
30718
30716
30712
30709
30706
30703
30700
30698
30697
30696
30695
30694
30693
30692
30689
30687
30675
30665
30625
30621
30614
30613
30602
30585
30583
30582
30581
30557
30525
30512
30506
30503
30467
30424
30423
30422
30421
30420
30419
30418
30417
30416
30415
30414
30413
30412
30411
30410
30409
30408
30407
30406
30405
30404
30403
30402
30401
30400
30399
30398
30397
30391
30364
30357
30356
30355
30354
30349
30348
30343
30341
30333
30329
30327
30326
30325
30324
30323
30322
30321
30320
30316
30315
30311
30310
30309
30278
30276
30275
30274
30271
30266
30265
30241
30240
30239
30238
30237
30236
30235
30234
30233
30232
30231
30228
30227
30226
30224
30221
30218
30217
30216
30215
30214
30213
30212
30211
30210
30209
30208
30207
30206
30205
30204
30203
30202
30201
30200
30199
30198
30197
30196
30195
30194
30193
30192
30191
30190
30189
30188
30187
30186
30185
30184
30183
30182
30181
30180
30179
30178
30177
30176
30175
30174
30173
30172
30171
30170
30169
30168
30167
30166
30165
30164
30163
30162
30161
30160
30159
30158
30157
30156
30155
30154
30153
30152
30151
30150
30149
30148
30147
30146
30145
30144
30143
30142
30141
30140
30139
30138
30137
30136
30135
30134
30133
30132
30131
30130
30129
30128
30127
30126
30125
30124
30123
30122
30121
30120
30119
30118
30117
30116
30115
30114
30113
30112
30111
30110
30109
30108
30107
30106
30105
30104
30103
30102
30074
30073
30072
30060
30059
30055
30050
30043
30015
30001
29986
29985
29984
29983
29982
29981
29980
29979
29966
29960
29950
29949
29945
29944
29939
29934
29931
29930
29928
29926
29925
29924
29918
29917
29916
29915
29914
29913
29912
29911
29910
29909
29908
29896
29886
29885
29884
29883
29882
29881
29880
29869
29864
29821
29769
29766
29765
29729
29728
29724
29716
29715
29714
29713
29712
29711
29710
29709
29707
29706
29694
29690
29689
29680
29679
29676
29634
29633
29632
29627
29626
29625
29621
29619
29617
29587
29559
29538
29537
29536
29533
29529
29528
29525
29524
29523
29522
29521
29520
29519
29518
29517
29516
29515
29514
29513
29512
29511
29510
29509
29508
29507
29506
29505
29504
29503
29502
29501
29500
29499
29498
29497
29496
29495
29489
29457
29456
29448
29447
29446
29445
29444
29434
29433
29431
29429
29428
29427
29426
29425
29424
29423
29422
29421
29420
29419
29418
29417
29416
29415
29414
29413
29412
29411
29410
29409
29407
29406
29405
29404
29403
29402
29401
29400
29399
29398
29397
29396
29395
29394
29393
29392
29391
29390
29389
29388
29387
29386
29385
29384
29383
29382
29381
29380
29377
29376
29375
29374
29370
29354
29353
29352
29351
29350
29349
29315
29314
29313
29312
29311
29303
29302
29301
29300
29299
29298
29297
29296
29295
29294
29284
29283
29273
29272
29268
29260
29254
29251
29239
29238
29219
29200
29199
29198
29194
29191
29181
29180
29178
29177
29176
29174
29172
29171
29170
29168
29164
29163
29162
29161
29160
29159
29157
29151
29139
29087
29076
29075
29074
29058
29049
29046
29044
29042
29041
29040
29039
29038
29036
29035
29034
29031
29025
29009
29008
29006
29005
29004
29003
28998
28995
28992
28967
28966
28965
28964
28963
28962
28961
28910
28909
28908
28899
28898
28896
28893
28892
28891
28890
28888
28887
28886
28885
28884
28883
28882
28881
28880
28878
28877
28861
28860
28859
28858
28845
28844
28824
28823
28822
28812
28811
28804
28802
28752
28747
28746
28734
28733
28732
28731
28730
28729
28728
28727
28726
28725
28724
28723
28722
28721
28720
28719
28718
28717
28716
28715
28714
28713
28712
28711
28710
28709
28708
28705
28704
28703
28702
28681
28668
28665
28664
28650
28649
28644
28641
28607
28606
28582
28538
28528
28527
28526
28525
28524
28521
28501
28478
28448
28447
28446
28390
28383
28380
28379
28377
28375
28374
28373
28372
28371
28334
28333
28332
28319
28318
28317
28309
28306
28299
28298
28297
28292
28291
28290
28289
28288
28287
28286
28247
28246
28245
28244
28243
28242
28241
28240
28239
28236
28235
28234
28232
28231
28230
28228
28218
28211
28210
28208
28205
28204
28203
28202
28201
28200
28199
28198
28197
28196
28195
28194
28193
28192
28191
28190
28189
28188
28179
28177
28175
28173
28171
28170
28168
28167
28165
28164
28149
28148
28140
28139
28138
28137
28136
28135
28134
28133
28132
28131
28130
28129
28128
28127
28126
28125
28124
28123
28121
28120
28119
28118
28117
28116
28115
28114
28113
28112
28111
28110
28109
28108
28107
28106
28085
28075
28061
28013
28012
28010
27999
27964
27963
27961
27960
27948
27947
27941
27928
27927
27926
27925
27918
27901
27897
27896
27894
27884
27882
27866
27865
27863
27862
27858
27850
27847
27815
27799
27784
27782
27778
27734
27732
27716
27715
27714
27713
27712
27711
27710
27709
27707
27702
27701
27698
27695
27694
27679
27677
27676
27674
27673
27624
27615
27606
27602
27568
27555
27550
27548
27534
27522
27491
27488
27483
27478
27464
27458
27441
27420
27394
27360
27338
27337
27336
27335
27334
27333
27332
27331
27330
27329
27318
27317
27301
27289
27272
27247
27238
27236
27232
27220
27174
27173
27172
27171
27170
27165
27153
27141
27133
27124
27123
27118
27117
27113
27108
27065
27043
27023
27019
27018
26939
26927
26926
26925
26924
26922
26899
26898
26888
26886
26885
26884
26867
26857
26855
26854
26837
26818
26817
26816
26815
26814
26813
26812
26811
26810
26778
26776
26773
26761
26745
26740
26729
26728
26727
26666
26653
26652
26644
26643
26642
26641
26633
26632
26618
26617
26604
26584
26583
26563
26560
26558
26550
26547
26535
26534
26513
26512
26487
26486
26455
26453
26452
26417
26416
26415
26414
26407
26394
26391
26389
26360
26359
26354
26313
26282
26280
26278
26268
26267
26266
26265
26264
26263
26262
26261
26260
26259
26258
26257
26256
26245
26230
26229
26228
26227
26226
26225
26222
26221
26220
26219
26218
26217
26163
26161
26140
26139
26115
26097
26096
26095
26094
26083
26064
26063
26062
26061
26060
26059
26058
26057
26056
26055
26054
26053
26052
26051
26050
26049
26044
26034
26015
26014
25978
25970
25969
25967
25965
25921
25916
25906
25905
25901
25898
25888
25887
25885
25877
25840
25839
25838
25837
25831
25795
25794
25775
25774
25773
25759
25758
25744
25743
25742
25741
25734
25731
25730
25729
25728
25727
25726
25725
25721
25720
25567
25566
25560
25545
25524
25514
25500
25495
25494
25493
25492
25488
25479
25478
25467
25466
25457
25433
25432
25431
25430
25428
25427
25426
25425
25424
25423
25420
25419
25418
25417
25416
25415
25414
25413
25412
25411
25409
25393
25356
25355
25353
25347
25345
25344
25343
25342
25322
25286
25283
25272
25271
25217
25216
25215
25214
25213
25212
25211
25210
25209
25205
25204
25203
25202
25201
25200
25199
25198
25197
25196
25159
25157
25151
25149
25148
25145
25144
25123
25112
25106
25101
25100
25099
25094
25093
25092
25075
25074
25073
25072
25071
25070
25069
25067
25066
25063
25051
25018
25016
25013
24984
24919
24885
24882
24880
24879
24877
24876
24863
24832
24831
24830
24822
24810
24809
24800
24756
24755
24730
24717
24714
24711
24699
24692
24691
24689
24686
24677
24671
24656
24645
24621
24613
24589
24587
24586
24546
24480
24465
24464
24463
24461
24460
24457
24407
24396
24395
24350
24348
24346
24293
24287
24286
24261
24259
24258
24127
24125
24079
24074
24073
24072
24071
24056
24054
24053
24052
24051
24050
24049
24048
24047
24046
24045
24044
24043
24042
24041
24040
24039
24038
24037
24036
24035
24034
24033
24032
24031
24030
24029
24028
24027
24026
24025
24024
24023
24022
24021
24020
23931
23929
23927
23925
23923
23919
23917
23915
23914
23913
23912
23911
23910
23909
23892
23879
23869
23868
23867
23866
23812
23807
23784
23782
23781
23775
23774
23773
23754
23735
23733
23676
23646
23543
23456
23452
23451
23448
23447
23446
23445
23444
23437
23350
23349
23348
23347
23342
23340
23339
23337
23336
23334
23332
23331
23330
23328
23326
23325
23324
23230
23229
23228
23227
23226
23225
23224
23223
23222
23221
23220
23219
23218
23217
23216
23215
23214
23213
23212
23211
23210
23209
23208
23207
23206
23205
23204
23203
23202
23201
23200
23199
23198
23195
23194
23112
23111
23058
23057
23053
23047
23043
23039
23026
23025
23024
23023
23022
23021
23020
23019
23018
23017
23016
23015
23014
23013
23012
23011
23010
23009
23008
23007
23006
23005
23004
23003
23002
23001
23000
22999
22998
22997
22996
22995
22994
22993
22992
22991
22990
22989
22988
22987
22986
22985
22984
22983
22982
22981
22980
22979
22978
22977
22976
22975
22974
22973
22972
22970
22969
22968
22965
22964
22961
22960
22958
22957
22955
22954
22953
22952
22950
22949
22948
22947
22946
22945
22944
22943
22942
22941
22940
22939
22936
22935
22934
22933
22932
22931
22930
22929
22928
22927
22926
22925
22924
22921
22919
22918
22917
22916
22915
22914
22911
22910
22909
22908
22907
22906
22905
22904
22903
22902
22895
22894
22893
22892
22891
22889
22887
22886
22884
22883
22882
22880
22879
22877
22876
22875
22874
22873
22872
22871
22870
22869
22868
22863
22862
22836
22835
22834
22833
22832
22817
22801
22798
22789
22787
22786
22780
22778
22776
22774
22772
22771
22770
22769
22768
22767
22766
22765
22764
22763
22762
22761
22760
22759
22758
22757
22756
22755
22754
22753
22752
22751
22746
22745
22744
22743
22742
22741
22740
22739
22738
22737
22736
22731
22727
22726
22725
22724
22723
22722
22721
22720
22719
22718
22717
22716
22715
22714
22713
22712
22711
22710
22709
22708
22707
22706
22705
22704
22703
22702
22701
22700
22699
22672
22653
22652
22650
22646
22644
22632
22631
22630
22628
22626
22625
22624
22623
22615
22608
22606
22605
22538
22533
22532
22525
22523
22380
22379
22370
22369
22352
22343
22322
22321
22319
22301
22300
22293
22292
22291
22290
22289
22288
22279
22278
22242
22241
22240
22239
22147
22137
22136
22132
22128
22125
22124
22123
22122
22121
22114
22113
22045
22038
22023
22022
22003
21998
21997
21996
21995
21994
21993
21992
21991
21990
21989
21988
21987
21986
21985
21984
21983
21982
21981
21980
21979
21978
21965
21964
21963
21961
21960
21958
21957
21956
21954
21953
21951
21943
21935
21933
21932
21931
21930
21929
21928
21927
21926
21925
21924
21922
21921
21920
21919
21918
21917
21915
21914
21913
21912
21911
21910
21909
21908
21907
21906
21905
21904
21903
21901
21900
21899
21898
21897
21896
21895
21894
21893
21892
21886
21885
21883
21882
21881
21880
21877
21876
21875
21874
21873
21872
21871
21870
21868
21867
21865
21864
21862
21858
21857
21856
21855
21854
21853
21852
21851
21849
21848
21847
21845
21844
21843
21842
21841
21840
21839
21838
21837
21836
21821
21820
21819
21818
21817
21816
21815
21795
21770
21760
21759
21757
21755
21754
21753
21752
21747
21746
21745
21743
21742
21741
21740
21739
21735
21712
21711
21710
21669
21668
21667
21666
21665
21658
21645
21630
21629
21627
21626
21625
21621
21607
21606
21527
21526
21512
21511
21510
21509
21508
21506
21505
21503
21502
21501
21498
21495
21494
21493
21492
21491
21490
21489
21488
21487
21486
21485
21484
21483
21482
21481
21480
21479
21478
21477
21476
21475
21474
21473
21472
21471
21470
21469
21468
21467
21466
21465
21464
21463
21462
21461
21460
21459
21458
21457
21456
21455
21454
21453
21452
21451
21450
21449
21448
21447
21446
21421
21406
21385
21374
21373
21372
21366
21365
21364
21363
21361
21360
21359
21358
21357
21356
21355
21354
21353
21352
21351
21350
21349
21348
21347
21346
21344
21339
21336
21332
21331
21330
21329
21327
21326
21324
21323
21322
21321
21320
21319
21318
21317
21316
21315
21314
21313
21282
21279
21245
21189
21178
21175
21174
21137
21130
21129
21124
21121
21106
21070
21062
21005
20994
20993
20992
20972
20967
20965
20921
20916
20914
20909
20895
20894
20893
20882
20880
20876
20874
20873
20872
20871
20843
20838
20837
20832
20831
20829
20827
20795
20794
20792
20791
20772
20771
20767
20766
20764
20763
20762
20760
20759
20758
20757
20756
20754
20753
20752
20751
20750
20749
20748
20747
20746
20745
20744
20743
20742
20741
20739
20738
20737
20736
20734
20733
20732
20731
20730
20729
20728
20727
20721
20720
20719
20714
20711
20708
20702
20685
20683
20679
20656
20654
20652
20651
20650
20649
20648
20647
20646
20645
20598
20597
20596
20595
20594
20593
20592
20591
20590
20589
20588
20587
20586
20585
20584
20583
20582
20581
20580
20579
20578
20577
20576
20575
20574
20573
20572
20571
20570
20569
20568
20567
20566
20565
20564
20563
20562
20561
20560
20559
20558
20557
20556
20555
20554
20553
20552
20551
20550
20549
20548
20547
20546
20545
20544
20543
20542
20541
20540
20539
20538
20537
20536
20535
20534
20533
20532
20531
20530
20529
20522
20521
20517
20494
20469
20450
20431
20426
20377
20376
20375
20369
20366
20362
20341
20340
20338
20334
20330
20329
20318
20317
20316
20315
20306
20305
20205
20199
20198
20197
20196
20195
20194
20192
20191
20183
20177
20176
20156
20155
20128
20124
20103
20102
20086
20084
20080
20050
19933
19891
19890
19889
19888
19879
19877
19876
19527
19526
19482
19462
19461
19460
19459
19458
19457
19456
19455
19454
19453
19452
19451
19450
19449
19448
19447
19446
19445
19444
19385
19384
19374
19360
19319
19318
19302
19158
19146
19057
18995
18978
18977
18976
18975
18974
18969
18968
18967
18934
18933
18932
18927
18915
18910
18906
18905
18904
18900
18899
18898
18892
18888
18887
18886
18885
18884
18883
18882
18881
18880
18879
18878
18877
18876
18875
18874
18873
18872
18871
18870
18869
18868
18867
18866
18865
18864
18863
18862
18861
18860
18859
18858
18857
18856
18855
18854
18853
18852
18851
18850
18849
18848
18847
18846
18845
18844
18843
18842
18841
18840
18839
18827
18755
18754
18753
18752
18751
18750
18749
18748
18747
18746
18745
18744
18743
18742
18741
18740
18739
18738
18737
18736
18735
18734
18733
18732
18731
18730
18729
18728
18727
18726
18725
18724
18723
18722
18721
18720
18719
18718
18717
18716
18715
18714
18713
18712
18711
18710
18709
18708
18707
18706
18705
18704
18703
18702
18701
18700
18699
18698
18697
18696
18695
18694
18693
18692
18691
18690
18689
18688
18687
18686
18685
18684
18683
18682
18681
18680
18679
18678
18677
18676
18675
18674
18673
18672
18671
18670
18669
18668
18667
18666
18665
18656
18655
18654
18653
18638
18637
18628
18627
18612
18591
18557
18519
18514
18513
18512
18511
18510
18509
18502
18501
18500
18499
18489
18487
18486
18483
18478
18461
18458
18454
18453
18450
18447
18353
18352
18348
18346
18343
18337
18336
18330
18327
18325
18317
18316
18290
18251
18176
18172
18171
18169
18168
18135
18134
18070
18045
18044
18039
18038
18037
18018
18014
18003
17991
17990
17977
17974
17973
17960
17945
17944
17938
17937
17936
17935
17934
17933
17932
17931
17930
17929
17928
17927
17926
17925
17924
17923
17922
17921
17920
17918
17909
17903
17897
17896
17895
17889
17876
17873
17868
17867
17860
17853
17746
17745
17744
17743
17741
17740
17739
17738
17735
17673
17672
17637
17636
17635
17634
17626
17625
17624
17594
17593
17592
17591
17590
17589
17588
17587
17586
17585
17584
17583
17582
17581
17552
17517
17493
17453
17452
17451
17443
17442
17434
17432
17422
17402
17401
17358
17344
17343
17342
17341
17340
17339
17338
17337
17336
17335
17334
17332
17330
17307
17306
17305
17304
17303
17302
17301
17300
17299
17298
17297
17296
17294
17293
17289
17286
17280
17271
17267
17249
17248
17223
17222
17176
17175
17173
17172
17171
17170
17169
17164
17163
17161
17159
17158
17155
17150
17149
17142
17141
17110
17087
17053
17051
17050
16828
16825
16814
16813
16783
16781
16779
16760
16756
16754
16753
16748
16747
16746
16720
16705
16698
16695
16665
16658
16597
16592
16590
16589
16588
16587
16586
16585
16584
16583
16582
16581
16579
16572
16571
16567
16566
16558
16555
16553
16551
16549
16547
16545
16544
16542
16496
16494
16492
16491
16489
16487
16484
16483
16482
16481
16480
16478
16474
16473
16471
16469
16468
16466
16465
16460
16456
16453
16452
16451
16450
16449
16448
16447
16446
16445
16444
16443
16442
16441
16440
16439
16376
16322
16321
16301
16295
16234
16188
16167
16136
16135
16123
16107
16106
16105
16104
16103
16102
16101
16100
16099
16098
16076
16064
16063
16062
16061
16060
16054
16053
16029
16028
16027
16026
16003
15995
15980
15979
15978
15927
15912
15903
15901
15804
15786
15775
15753
15750
15736
15735
15734
15733
15732
15731
15730
15729
15728
15727
15726
15725
15724
15723
15721
15615
15602
15584
15583
15582
15581
15579
15576
15575
15574
15573
15572
15571
15570
15569
15568
15567
15566
15565
15564
15563
15562
15561
15560
15559
15558
15557
15556
15555
15554
15553
15552
15551
15550
15549
15548
15547
15546
15545
15544
15543
15542
15541
15540
15539
15538
15537
15536
15535
15534
15533
15532
15531
15530
15529
15528
15527
15526
15525
15524
15523
15522
15521
15520
15519
15518
15517
15516
15515
15514
15513
15512
15511
15510
15509
15508
15506
15505
15504
15503
15502
15501
15500
15499
15498
15496
15495
15494
15493
15492
15491
15490
15489
15488
15487
15486
15477
15415
15365
15350
15310
15287
15286
15275
15273
15269
15264
15263
15240
15239
15238
15237
15236
15235
15234
15233
15232
15231
15230
15229
15228
15227
15226
15225
15224
15223
15222
15221
15220
15219
15216
15214
15207
15174
15145
15143
15142
15141
15140
15139
15138
15137
15136
15135
15134
15133
15132
15131
15129
15125
15124
15123
15122
15121
15120
15119
15118
15117
15116
15115
15114
15113
15112
15111
15110
15109
15108
15107
15106
15105
15104
15103
15102
15101
15100
15099
15098
15097
15096
15095
15094
15093
15092
15091
15090
15089
15088
15087
15086
15085
15084
15083
15082
15081
15080
15079
15078
15077
15076
15075
15074
15073
15072
15071
15070
15069
15068
15067
15066
15065
15064
15063
15062
15061
15060
15059
15058
15057
15054
15030
15029
15028
15027
15026
15007
15003
15000
14994
14993
14992
14991
14990
14989
14988
14987
14986
14985
14984
14983
14982
14981
14980
14979
14978
14977
14976
14975
14974
14960
14955
14954
14952
14949
14941
14934
14932
14910
14909
14901
14898
14897
14896
14895
14894
14893
14892
14891
14890
14880
14872
14861
14860
14746
14744
14727
14726
14723
14722
14721
14720
14715
14714
14713
14710
14707
14689
14683
14666
14665
14664
14663
14662
14661
14660
14659
14648
14647
14646
14645
14644
14643
14619
14612
14597
14594
14584
14583
14580
14579
14578
14577
14576
14575
14561
14555
14554
14553
14550
14549
14548
14547
14546
14545
14533
14531
14530
14450
14449
14448
14442
14441
14440
14413
14406
14397
14396
14395
14394
14393
14391
14390
14385
14384
14371
14370
14369
14368
14367
14366
14365
14364
14363
14362
14361
14360
14359
14358
14357
14356
14355
14354
14353
14352
14351
14350
14317
14316
14315
14314
14279
14278
14277
14270
14260
14250
14248
14246
14245
14244
14239
14238
14234
14231
14227
14224
14223
14222
14221
14220
14219
14218
14217
14216
14215
14214
14213
14212
14211
14210
14205
14204
14203
14202
14201
14198
14196
14190
14189
14188
14187
14186
14185
14184
14183
14182
14181
14180
14179
14178
14177
14176
14175
14174
14173
14172
14171
14170
14169
14168
14167
14166
14151
14107
14098
14095
14092
14091
14090
14089
14086
14085
14083
14043
14042
14041
14040
14030
13978
13933
13932
13931
13930
13929
13928
13927
13926
13925
13924
13923
13922
13921
13920
13919
13918
13859
13855
13824
13756
13755
13754
13753
13751
13750
13749
13747
13746
13745
13744
13743
13742
13741
13740
13739
13738
13737
13736
13735
13733
13732
13731
13730
13729
13728
13602
13595
13552
13534
13533
13532
13531
13530
13529
13527
13526
13525
13524
13523
13522
13521
13520
13519
13518
13517
13516
13515
13514
13513
13512
13509
13465
13464
13463
13462
13461
13460
13459
13458
13457
13456
13455
13454
13443
13430
13416
13398
13397
13396
13395
13394
13393
13392
13391
13390
13389
13388
13387
13386
13385
13384
13383
13382
13381
13380
13379
13378
13377
13376
13375
13374
13373
13354
13353
13352
13351
13347
13346
13269
13267
13259
13258
13256
13255
13254
13253
13252
13251
13248
13247
13246
13245
13244
13242
13241
13238
13236
13235
13234
13231
13230
13229
13228
13226
13223
13176
13164
13163
13162
13161
13160
13159
13157
13156
13155
13154
13153
13152
13151
13150
13149
13148
13147
13146
13145
13144
13143
13142
13141
13140
13139
13138
13137
13136
13135
13133
13132
13131
13130
13129
13127
13120
13119
13118
13113
13109
13108
13063
13056
13041
13040
13039
13038
13037
13034
13033
13032
13031
13030
13028
13027
13026
13025
13024
13023
13022
13021
13020
13019
13018
13017
13016
13015
13014
13013
13012
13011
13010
13009
13008
13007
13006
13005
13004
13003
13002
13001
13000
12998
12997
12996
12995
12994
12993
12992
12991
12990
12989
12988
12987
12986
12985
12984
12981
12980
12979
12978
12977
12976
12975
12974
12973
12972
12970
12968
12967
12966
12965
12964
12963
12962
12961
12960
12959
12958
12957
12956
12955
12954
12953
12952
12951
12950
12949
12948
12947
12946
12945
12944
12943
12942
12941
12940
12939
12938
12937
12936
12935
12934
12933
12932
12931
12930
12929
12927
12925
12924
12923
12922
12921
12920
12919
12918
12917
12916
12915
12914
12913
12912
12911
12910
12908
12907
12906
12905
12904
12903
12902
12901
12900
12899
12897
12896
12895
12894
12893
12892
12891
12890
12889
12888
12887
12886
12885
12884
12883
12882
12881
12879
12878
12877
12876
12875
12874
12873
12872
12871
12870
12869
12868
12867
12866
12865
12864
12863
12862
12861
12860
12859
12858
12857
12856
12855
12854
12853
12852
12851
12850
12849
12848
12847
12846
12845
12844
12842
12841
12840
12839
12838
12837
12836
12835
12834
12805
12804
12803
12802
12793
12792
12791
12790
12789
12788
12787
12784
12781
12776
12772
12771
12756
12755
12754
12753
12752
12751
12744
12740
12736
12733
12732
12731
12730
12729
12728
12727
12726
12724
12723
12719
12717
12716
12715
12712
12704
12701
12700
12699
12698
12695
12693
12692
12690
12689
12688
12687
12686
12685
12682
12681
12680
12671
12590
12589
12588
12587
12584
12583
12582
12581
12580
12579
12578
12577
12576
12575
12574
12573
12572
12571
12570
12569
12568
12564
12493
12458
12457
12456
12455
12450
12449
12448
12447
12446
12445
12398
12396
12339
12338
12336
12329
12328
12327
12326
12325
12324
12323
12322
12320
12318
12317
12316
12307
12306
12305
12304
12303
12302
12301
12300
12299
12298
12292
12289
12288
12203
12202
12188
12075
12074
12071
12070
12055
12043
12042
12041
12039
12038
12037
12033
12030
12029
12027
12024
12023
12006
12004
12003
11924
11879
11878
11866
11864
11863
11862
11861
11860
11859
11858
11857
11856
11855
11854
11853
11852
11851
11850
11849
11848
11847
11846
11845
11844
11843
11842
11841
11840
11839
11838
11837
11836
11835
11834
11833
11831
11828
11827
11826
11825
11824
11823
11822
11821
11820
11819
11817
11811
11810
11809
11808
11807
11804
11803
11802
11801
11780
11700
11699
11698
11678
11669
11662
11656
11655
11654
11653
11652
11651
11650
11649
11648
11647
11646
11645
11644
11643
11641
11638
11635
11615
11605
11604
11603
11601
11597
11593
11592
11591
11590
11589
11585
11578
11575
11574
11573
11572
11571
11569
11568
11567
11565
11560
11559
11557
11554
11545
11544
11535
11534
11533
11532
11531
11515
11514
11511
11506
11505
11504
11480
11462
11459
11458
11456
11455
11454
11453
11422
11413
11371
11370
11369
11368
11366
11350
11349
11348
11347
11346
11345
11344
11343
11342
11341
11340
11339
11338
11337
11336
11335
11334
11333
11332
11331
11330
11329
11326
11325
11324
11323
11322
11252
11237
11236
11235
11234
11233
11232
11231
11230
11229
11205
11203
11172
11171
11155
11154
11153
11152
11151
11150
11149
11148
11140
11139
11078
11075
11073
11072
11070
11063
11034
11032
11031
11029
11028
11027
11026
11021
11019
11018
11017
11016
10963
10961
10960
10959
10958
10957
10956
10955
10954
10953
10950
10948
10947
10946
10945
10944
10898
10897
10896
10895
10894
10893
10892
10889
10888
10887
10886
10885
10836
10835
10834
10833
10832
10831
10830
10829
10828
10827
10826
10825
10824
10823
10822
10821
10820
10819
10818
10817
10816
10815
10814
10813
10812
10811
10810
10797
10796
10795
10794
10790
10777
10772
10770
10769
10761
10757
10653
10652
10651
10650
10649
10648
10647
10646
10645
10644
10643
10642
10641
10640
10639
10638
10637
10636
10635
10634
10633
10632
10631
10630
10629
10628
10627
10626
10625
10624
10623
10512
10474
10472
10468
10459
10454
10452
10449
10447
10392
10390
10389
10388
10386
10385
10381
10380
10379
10378
10377
10351
10321
10319
10318
10315
10314
10312
10311
10310
10309
10166
10165
10163
10161
10159
10155
10153
10152
10150
10149
10145
10144
10143
10142
10141
10140
10139
10138
10137
10136
10135
10134
10133
10132
10131
10130
10129
10128
10127
10126
10125
10124
10123
10122
10121
10120
10119
10118
10117
10116
10115
10114
10113
10112
10111
10110
10109
10108
10107
10106
10105
10104
10103
10100
10098
10096
10094
10093
10092
10091
10090
10089
10088
10087
10086
10085
10084
10083
10082
10081
10080
10079
10078
10077
10076
10075
10074
10073
10072
10071
10069
10064
9971
9969
9968
9967
9966
9965
9964
9963
9962
9954
9953
9952
9951
9950
9948
9946
9944
9943
9942
9941
9940
9939
9938
9937
9936
9935
9934
9933
9932
9931
9930
9929
9928
9927
9926
9925
9923
9922
9920
9919
9918
9917
9916
9915
9914
9913
9912
9911
9910
9909
9908
9907
9906
9905
9904
9903
9902
9901
9900
9899
9898
9897
9896
9895
9894
9893
9892
9891
9890
9889
9888
9887
9886
9885
9884
9883
9882
9881
9880
9879
9878
9877
9876
9875
9874
9873
9871
9868
9866
9859
9857
9856
9848
9845
9842
9841
9840
9839
9838
9837
9836
9835
9833
9831
9829
9827
9826
9825
9824
9823
9822
9820
9818
9817
9816
9815
9814
9813
9812
9798
9797
9795
9794
9793
9792
9791
9790
9786
9783
9780
9777
9775
9771
9766
9759
9758
9755
9754
9752
9749
9747
9744
9742
9740
9738
9736
9735
9734
9732
9730
9728
9726
9724
9723
9722
9721
9720
9706
9705
9702
9700
9698
9697
9694
9693
9692
9691
9690
9686
9685
9683
9682
9681
9680
9679
9678
9677
9676
9675
9661
9660
9659
9658
9657
9656
9654
9653
9652
9651
9650
9649
9648
9647
9646
9645
9640
9639
9638
9637
9636
9635
9634
9633
9632
9631
9630
9629
9628
9607
9594
9593
9592
9591
9590
9584
9583
9582
9581
9580
9579
9578
9577
9576
9575
9574
9573
9572
9571
9570
9569
9567
9565
9564
9562
9561
9560
9559
9556
9555
9554
9553
9552
9545
9544
9543
9542
9541
9540
9539
9538
9537
9536
9535
9534
9533
9505
9502
9442
9441
9440
9439
9424
9417
9416
9415
9413
9412
9410
9409
9408
9407
9406
9405
9404
9402
9400
9399
9398
9397
9396
9395
9394
9392
9391
9390
9389
9388
9387
9386
9385
9384
9383
9382
9381
9380
9376
9371
9363
9349
9340
9339
9336
9321
9309
9306
9301
9297
9296
9295
9294
9293
9278
9277
9276
9271
9270
9269
9267
9265
9264
9261
9257
9256
9247
9246
9245
9244
9243
9241
9240
9239
9238
9237
9236
9235
9234
9233
9232
9231
9230
9229
9228
9227
9226
9225
9224
9223
9222
9221
9220
9219
9218
9217
9216
9215
9214
9213
9212
9204
9203
9201
9196
9194
9192
9191
9184
9183
9182
9181
9180
9179
9178
9177
9176
9175
9174
9173
9172
9171
9170
9168
9160
9159
9158
9157
9156
9155
9154
9153
9152
9151
9150
9149
9148
9147
9146
9145
9144
9143
9142
9141
9140
9139
9138
9137
9136
9135
9132
9127
9126
9125
9124
9123
9122
9119
9118
9115
9114
9111
9108
9103
9102
9101
9096
9094
9093
9077
9076
9075
9074
9073
9069
9068
9066
9065
9064
9054
9053
9052
9051
9050
9049
9048
9047
9046
9045
9044
9043
9042
9041
9040
9039
9038
9037
9036
9035
9034
9033
9031
9028
9024
9023
9020
9019
9018
9017
9016
9015
9003
8986
8985
8983
8982
8981
8980
8979
8977
8976
8975
8974
8971
8967
8966
8965
8964
8963
8962
8961
8960
8959
8958
8957
8956
8955
8954
8953
8952
8943
8941
8938
8929
8928
8925
8920
8912
8911
8910
8909
8908
8907
8906
8905
8904
8903
8902
8901
8900
8865
8864
8863
8862
8861
8860
8859
8858
8857
8856
8855
8854
8853
8852
8851
8850
8849
8848
8847
8846
8845
8844
8843
8842
8838
8837
8836
8835
8834
8833
8832
8831
8830
8829
8828
8827
8826
8825
8824
8823
8822
8821
8820
8819
8818
8817
8816
8815
8814
8813
8812
8811
8810
8809
8808
8807
8806
8805
8804
8803
8802
8801
8800
8799
8798
8797
8796
8792
8789
8771
8758
8735
8731
8730
8704
8703
8701
8676
8661
8655
8654
8636
8634
8632
8628
8627
8626
8625
8624
8623
8622
8621
8620
8612
8610
8608
8604
8602
8597
8590
8589
8571
8570
8569
8568
8567
8566
8565
8564
8563
8562
8561
8560
8559
8558
8557
8556
8553
8552
8551
8550
8549
8548
8503
8499
8491
8487
8482
8479
8477
8474
8472
8470
8469
8468
8467
8466
8465
8464
8463
8462
8461
8460
8459
8458
8454
8452
8449
8447
8443
8442
8440
8438
8437
8436
8435
8434
8433
8432
8431
8430
8426
8421
8420
8409
8371
8368
8366
8365
8364
8363
8362
8361
8360
8357
8342
8341
8340
8339
8338
8337
8336
8335
8334
8333
8332
8331
8330
8328
8327
8317
8315
8314
8313
8312
8311
8310
8309
8308
8307
8306
8305
8304
8303
8302
8295
8293
8290
8289
8285
8284
8283
8282
8281
8280
8279
8278
8277
8276
8274
8259
8180
8162
8161
8160
8159
8157
8156
8155
8154
8153
8152
8149
8148
8146
8145
8144
8142
8141
8140
8139
8138
8137
8136
8135
8134
8133
8132
8131
8130
8129
8128
8127
8126
8125
8105
8101
8100
8075
8074
8073
8072
8071
8057
8055
8054
8053
8052
8051
8050
8039
8034
8031
8029
8026
8021
8019
8017
8015
8013
8011
8008
8007
8005
8004
8003
7979
7978
7977
7975
7969
7968
7967
7966
7965
7964
7963
7962
7961
7960
7959
7958
7957
7956
7955
7954
7953
7952
7951
7950
7949
7948
7947
7946
7942
7938
7937
7936
7935
7934
7928
7922
7921
7920
7919
7918
7917
7916
7915
7914
7913
7910
7908
7907
7906
7905
7904
7903
7902
7901
7900
7899
7898
7897
7896
7895
7894
7893
7892
7891
7890
7889
7888
7887
7886
7885
7884
7883
7882
7881
7880
7879
7878
7876
7874
7872
7868
7866
7864
7862
7860
7858
7856
7844
7843
7842
7841
7837
7835
7831
7830
7829
7815
7814
7813
7812
7811
7810
7809
7808
7807
7798
7797
7795
7794
7793
7791
7790
7788
7787
7780
7777
7766
7765
7764
7763
7762
7761
7760
7759
7758
7757
7756
7755
7754
7750
7739
7738
7732
7730
7724
7721
7720
7717
7715
7713
7711
7710
7705
7703
7702
7696
7695
7694
7693
7691
7690
7689
7663
7613
7596
7595
7593
7558
7557
7556
7555
7554
7553
7552
7551
7550
7548
7538
7534
7531
7508
7495
7493
7492
7490
7489
7474
7473
7471
7464
7457
7456
7455
7454
7453
7452
7448
7447
7446
7445
7443
7442
7441
7440
7438
7437
7436
7435
7433
7431
7430
7428
7427
7425
7424
7423
7422
7421
7420
7419
7418
7417
7416
7415
7414
7407
7397
7393
7391
7389
7387
7369
7368
7366
7360
7357
7356
7354
7353
7352
7351
7323
7321
7320
7318
7317
7316
7314
7313
7312
7310
7309
7306
7305
7303
7302
7301
7297
7296
7295
7294
7293
7291
7290
7289
7288
7286
7285
7284
7270
7267
7266
7265
7257
7256
7249
7248
7247
7228
7227
7226
7224
7222
7221
7219
7218
7217
7216
7210
7208
7207
7205
7203
7202
7200
7199
7185
7176
7173
7171
7166
7164
7162
7161
7160
7158
7157
7156
7155
7154
7151
7150
7149
7148
7147
7146
7144
7137
7134
7133
7129
7128
7127
7122
7121
7119
7113
7109
7104
7099
7095
7094
7093
7092
7091
7089
7085
7081
7079
7078
7074
7073
7071
7069
7067
7064
7062
7061
7054
7048
7044
7043
7041
7040
7039
7030
7023
7022
7021
7020
7019
7018
7016
7014
7012
7010
7009
7008
7007
7004
7003
7002
7001
6986
6984
6983
6982
6981
6975
6973
6972
6971
6970
6969
6968
6967
6962
6959
6958
6957
6956
6955
6954
6953
6952
6951
6950
6949
6948
6947
6946
6945
6944
6943
6942
6941
6939
6938
6937
6936
6935
6934
6933
6931
6930
6927
6926
6925
6924
6923
6922
6921
6920
6919
6916
6911
6910
6909
6908
6907
6906
6905
6904
6896
6895
6894
6892
6891
6890
6889
6888
6887
6886
6885
6884
6882
6881
6880
6879
6878
6877
6876
6875
6874
6871
6869
6868
6867
6866
6865
6864
6863
6851
6849
6844
6829
6828
6826
6823
6822
6821
6820
6819
6818
6817
6815
6814
6811
6810
6809
6808
6807
6799
6778
6777
6761
6737
6713
6702
6691
6664
6663
6662
6661
6660
6659
6658
6657
6656
6655
6654
6653
6652
6651
6650
6649
6648
6647
6646
6645
6628
6626
6615
6614
6613
6612
6611
6610
6609
6608
6607
6606
6605
6604
6603
6602
6601
6600
6599
6598
6597
6596
6595
6594
6593
6592
6591
6589
6569
6567
6562
6561
6560
6559
6557
6556
6555
6554
6553
6552
6551
6550
6549
6548
6547
6546
6545
6544
6543
6542
6541
6540
6539
6538
6537
6536
6535
6534
6515
6512
6511
6508
6506
6502
6500
6498
6497
6495
6493
6476
6475
6474
6473
6472
6471
6470
6469
6399
6394
6391
6388
6385
6382
6381
6380
6379
6378
6377
6376
6375
6374
6373
6372
6371
6370
6369
6368
6367
6366
6365
6364
6363
6362
6361
6360
6359
6358
6357
6356
6355
6354
6353
6352
6351
6350
6349
6348
6347
6346
6345
6344
6343
6342
6340
6339
6338
6336
6335
6334
6333
6332
6331
6330
6329
6327
6325
6298
6297
6291
6287
6284
6283
6282
6281
6280
6279
6278
6277
6275
6270
6268
6267
6214
6212
6211
6210
6209
6208
6207
6206
6205
6136
6135
6134
6133
6132
6131
6129
6128
6121
6120
6119
6118
6117
6116
6111
6110
6093
6091
6090
6089
6088
6087
6086
6085
6082
6076
6075
6074
6073
6072
6071
6070
6069
6063
6062
6041
6039
6038
6037
6036
6034
6032
6030
6025
6024
6023
6022
6021
6020
6019
6018
6011
6009
5989
5978
5904
5903
5902
5900
5899
5898
5897
5896
5894
5889
5886
5885
5884
5883
5879
5878
5873
5871
5870
5853
5850
5833
5832
5828
5826
5824
5822
5821
5820
5818
5814
5810
5803
5802
5800
5799
5798
5732
5727
5720
5719
5718
5717
5716
5715
5714
5700
5641
5640
5639
5638
5602
5601
5600
5599
5598
5597
5587
5586
5546
5525
5524
5523
5522
5521
5520
5514
5512
5505
5503
5500
5499
5498
5497
5496
5495
5493
5492
5487
5482
5435
5380
5377
5376
5375
5370
5369
5366
5365
5364
5353
5349
5321
5320
5283
5282
5280
5261
5259
5258
5243
5192
5191
5190
5188
5176
5175
5174
5141
5130
5125
5122
5121
5120
5119
5110
5102
5100
5098
5097
5096
5090
5089
5088
5087
5086
5085
5078
5077
5066
5063
5062
5060
5053
5052
5050
5049
5048
5047
5046
5045
5044
5043
5042
5041
5040
5038
5036
5032
5031
5030
5029
5028
5027
5026
5025
5024
5020
5002
4996
4988
4986
4978
4977
4976
4974
4972
4971
4970
4961
4960
4959
4957
4956
4933
4926
4833
4813
4806
4804
4797
4796
4795
4793
4790
4770
4754
4737
4736
4734
4732
4731
4729
4727
4725
4723
4708
4707
4706
4705
4704
4672
4670
4669
4664
4654
4652
4552
4532
4524
4488
4476
4475
4473
4472
4471
4470
4469
4468
4467
4465
4464
4463
4461
4458
4457
4456
4440
4432
4387
4359
4308
4294
4292
4287
4265
4264
4263
4262
4261
4258
4253
4252
4243
4242
4240
4239
4238
4237
4236
4234
4233
4231
4230
4229
4228
4227
4226
4225
4224
4223
4222
4221
4220
4219
4218
4217
4216
4215
4214
4213
4212
4211
4210
4209
4203
4202
4201
4200
4199
4198
4197
4196
4195
4194
4193
4192
4191
4190
4189
4188
4187
4186
4185
4184
4183
4182
4181
4180
4179
4178
4176
4175
4174
4173
4172
4171
4164
4161
4157
4124
4123
4122
4121
4120
4116
4113
4110
4108
4106
4104
4103
4099
4097
4095
4094
4093
4092
4091
4090
4089
4088
4087
4086
4085
4084
4083
4058
4057
4056
4055
4054
4044
4043
4039
4038
3999
3936
3922
3921
3920
3915
3913
3912
3911
3910
3909
3875
3869
3866
3848
3847
3845
3844
3841
3765
3764
3755
3746
3745
3736
3653
3651
3649
3648
3647
3646
3645
3644
3643
3641
3550
3545
3543
3507
3505
3497
3496
3495
3494
3491
3490
3489
3488
3487
3486
3484
3483
3482
3480
3479
3478
3477
3473
3468
3462
3457
3455
3454
3453
3452
3451
3449
3448
3447
3445
3438
3435
3432
3430
3422
3416
3405
3389
3384
3379
3359
3357
3355
3348
3346
3345
3343
3338
3335
3331
3329
3327
3326
3324
3320
3316
3313
3307
3304
3303
3302
3292
3280
3279
3265
3264
3262
3260
3259
3257
3255
3253
3249
3247
3246
3243
3241
3239
3238
3237
3236
3235
3234
3233
3230
3224
3222
3220
3219
3217
3216
3214
3213
3212
3211
3156
3155
3153
3151
3142
3109
3106
3104
3098
3097
3095
3093
3091
3090
3087
3085
3082
3080
3069
3064
3060
3059
3057
3056
3055
3054
3053
3052
3051
3050
3049
3048
3047
3046
3044
3042
3041
3038
3036
3035
3033
3032
3031
3030
3029
3028
3027
3026
3025
3024
3023
3022
3020
3019
3017
3014
3013
3010
3008
3007
3006
3004
3000
2980
2978
2976
2973
2971
2970
2968
2965
2964
2960
2956
2952
2950
2947
2945
2944
2942
2938
2933
2918
2909
2905
2903
2895
2889
2883
2876
2874
2872
2871
2870
2869
2865
2864
2863
2862
2860
2859
2856
2855
2854
2851
2845
2833
2802
2795
2793
2792
2791
2790
2788
2787
2786
2784
2783
2782
2781
2765
2758
2748
2727
2726
2724
2721
2720
2719
2718
2717
2716
2715
2714
2713
2711
2709
2697
2696
2695
2694
2693
2692
2691
2690
2689
2688
2687
2686
2685
2684
2683
2682
2680
2679
2678
2676
2675
2674
2673
2672
2670
2669
2667
2663
2657
2653
2650
2646
2625
2572
2552
2520
2516
2514
2513
2512
2511
2510
2509
2507
2505
2503
2501
2499
2498
2496
2491
2437
2436
2435
2427
2426
2425
2424
2423
2422
2421
2420
2419
2418
2417
2416
2415
2414
2413
2412
2411
2410
2409
2408
2407
2406
2405
2404
2403
2402
2401
2400
2399
2398
2397
2396
2395
2390
2382
2380
2379
2377
2366
2365
2364
2363
2362
2360
2359
2358
2354
2353
2352
2351
2350
2349
2343
2342
2341
2340
2339
2338
2337
2335
2333
2332
2331
2330
2329
2328
2320
2318
2315
2314
2310
2290
2289
2223
2208
2202
2199
2198
2197
2196
2193
2191
2178
2177
2176
2175
2174
2170
2169
2168
2167
2166
2165
2164
2163
2162
2153
2147
2146
2145
2140
2110
2108
2107
2106
2105
2104
2103
2101
2100
2088
2087
2082
2081
2075
2073
2069
2065
2060
2056
2055
2052
2050
2049
2046
2045
2039
2023
2017
2016
2015
2013
2012
2011
2010
2008
2007
2001
2000
1998
1994
1992
1988
1978
1974
1941
1940
1939
1925
1924
1923
1922
1921
1920
1919
1918
1917
1916
1915
1914
1913
1912
1911
1910
1909
1908
1907
1906
1905
1904
1903
1902
1901
1899
1898
1897
1896
1895
1894
1893
1892
1883
1882
1881
1880
1879
1878
1876
1875
1874
1873
1871
1870
1869
1864
1863
1862
1860
1859
1858
1857
1856
1855
1854
1853
1851
1848
1847
1845
1844
1843
1842
1835
1834
1833
1830
1829
1827
1826
1825
1824
1822
1821
1820
1819
1818
1817
1793
1792
1791
1789
1788
1787
1783
1782
1779
1778
1776
1774
1772
1769
1764
1761
1760
1757
1756
1753
1752
1747
1742
1740
1738
1736
1735
1734
1732
1726
1724
1723
1721
1718
1711
1706
1703
1700
1697
1694
1692
1687
1685
1680
1673
1668
1665
1663
1661
1653
1641
1638
1636
1635
1632
1628
1627
1624
1618
1613
1609
1600
1599
1598
1597
1591
1590
1586
1585
1584
1583
1582
1581
1557
1556
1542
1541
1540
1539
1538
1537
1490
1489
1488
1487
1486
1485
1484
1483
1482
1481
1480
1479
1478
1477
1476
1475
1474
1473
1472
1471
1470
1469
1468
1467
1464
1451
1450
1449
1448
1447
1446
1445
1444
1438
1436
1431
1428
1424
1419
1415
1403
1402
1401
1400
1399
1398
1377
1376
1375
1374
1373
1372
1371
1356
1355
1353
1352
1351
1349
1346
1345
1344
1337
1336
1330
1329
1328
1327
1326
1315
1313
1310
1308
1306
1303
1302
1301
1300
1299
1298
1297
1296
1295
1294
1293
1292
1291
1290
1289
1288
1286
1284
1282
1281
1275
1274
1273
1270
1265
1263
1262
1259
1255
1250
1246
1240
1236
1230
1227
1224
1220
1219
1217
1216
1213
1212
1211
1209
1204
1200
1199
1198
1195
1188
1187
1185
1182
1178
1177
1176
1171
1167
1166
1164
1163
1159
1157
1150
1149
1146
1144
1142
1107
1070
1069
1068
1067
1065
1063
1058
1056
1051
1042
1033
1032
1029
1015
1014
1013
1009
1002
997
994
975
970
962
961
959
958
957
956
955
954
953
952
951
950
949
948
947
946
945
944
943
942
941
940
939
938
937
936
934
933
932
931
930
929
928
927
926
925
924
923
922
921
920
919
918
917
916
915
914
913
912
911
910
909
908
907
906
905
904
903
902
901
900
899
898
897
896
895
894
893
892
891
890
889
888
887
886
885
884
883
882
881
880
879
878
877
876
875
874
873
872
871
870
869
868
867
866
865
864
863
862
861
860
859
858
856
855
854
853
852
851
850
849
848
847
846
845
844
843
842
841
840
839
838
837
836
835
834
833
832
831
830
829
828
827
825
824
823
822
820
818
817
816
815
813
808
806
803
798
797
790
786
782
777
772
771
769
767
766
765
764
762
761
757
756
755
754
753
752
751
750
745
744
743
742
741
740
739
738
737
735
732
731
730
729
728
727
726
725
724
723
722
721
719
718
717
716
715
714
712
711
710
708
707
706
705
704
703
702
701
699
697
695
694
693
692
691
690
689
688
687
635
596
364
363
362
361
259
258
257
256
255
254
253
252
251
250
249
248
247
246
245
244
243
242
241
240
239
238
237
236
235
234
233
232
231
230
229
228
227
226
225
224
223
222
221
220
219
218
217
216
215
214
213
212
211
210
209
208
207
206
205
204
203
202
201
200
199
198
197
196
195
194
193
192
191
190
188
187
186
185
184
183
68411
67835
67834
67831
67829
67824
67426
67425
67242
67241
67240
67239
67238
67237
67236
67235
67234
67233
67232
67231
67230
67229
67228
67227
67226
67225
67224
67223
67222
67219
67216
67208
67206
67205
67204
67203
67202
67201
67200
67199
67198
67197
67195
67193
67191
67189
67187
67186
67185
67184
67183
67182
67181
67180
67179
67178
67177
67176
67175
67173
67172
67171
67170
67169
67168
67166
67164
67163
67162
67161
67160
67159
67158
67157
67156
67155
67154
67153
67150
67148
67146
67144
67142
67140
67138
67136
67135
67133
67131
67129
67128
67127
67126
67125
67124
67123
67122
67121
66509
66399
66397
66396
66395
66393
66392
66391
65995
65977
65976
65968
65967
65966
65965
65957
65924
65923
65922
65921
65920
65919
65918
65917
65916
65915
65914
65913
65677
65669
65668
65667
65664
65663
65661
65659
65658
65555
65548
64968
64699
64694
64678
64370
64320
63677
63675
63650
63184
63183
62930
62929
62928
62927
62926
62925
62924
62923
62922
62921
62920
62919
62918
62917
62916
62915
62914
62913
62912
62911
62910
62909
62908
62907
62906
62905
62904
62903
62902
62901
62900
62899
62898
62895
62893
62892
62891
62888
62885
62883
62882
62881
62880
62879
62878
62877
62876
62875
62874
62873
62872
62871
62870
62837
62836
62835
62834
62833
62832
62831
62830
62829
62828
62827
62826
62825
62824
62823
62822
62817
62816
62815
62814
62813
62812
62811
62810
62809
62808
62807
62806
62805
62804
62803
62802
62801
62800
62799
62798
62797
62796
62795
62794
62793
62792
62791
62790
62789
62788
62787
62786
62785
62784
62781
62773
62772
62771
62770
62769
62768
62767
62766
62765
62764
62763
62762
62761
62760
62759
62758
62757
62756
62755
62754
62753
62752
62751
62750
62749
62748
62747
62746
62745
62744
62743
62742
62741
62740
62739
62738
62737
62736
62735
62734
62733
62732
62731
62730
62729
62728
62727
62726
62725
62724
62723
62722
62721
62720
62719
62718
62717
62716
62715
62714
62713
62712
62711
62710
62709
62708
62707
62706
62705
62704
62703
62702
62701
62700
62699
62698
62697
62696
62695
62694
62693
62692
62691
62690
62689
62688
62687
62686
62685
62684
62683
62682
62681
62680
62679
62678
62677
62676
62675
62674
62673
62672
62671
62670
62669
62667
62666
62665
62663
62661
62660
62659
62658
62657
62656
62655
62653
62652
62651
62649
62648
62647
62646
62645
62643
62642
62641
62640
62639
62638
62637
62636
62635
62634
62633
62632
62631
62630
62628
62626
62624
62623
62621
62618
62617
62616
62614
62613
62612
62611
62610
62609
62608
62606
62605
62604
62603
62602
62601
62600
62598
62597
62596
62595
62594
62592
62591
62590
62589
62588
62587
62586
62585
62584
62583
62582
62581
62580
62579
62578
62577
62576
62575
62574
62573
62572
62571
62570
62569
62568
62567
62566
62565
62564
62563
62562
62561
62560
62559
62558
62557
62556
62555
62554
62553
62552
62551
62550
62549
62548
62547
62546
62545
62544
62543
62542
62541
62540
62539
62538
62537
62536
62535
62534
62533
62532
62530
62528
62527
62526
62525
62523
62522
62521
62520
62519
62518
62516
62515
62514
62512
62511
62510
62508
62507
62505
62504
62503
62502
62501
62500
62498
62497
62496
62495
62494
62492
62491
62490
62489
62487
62486
62485
62483
62482
62481
62480
62479
62476
62475
62473
62472
62471
62468
62467
62465
62463
62460
62459
62457
62411
62094
62040
62039
62038
62037
62036
62035
62034
62033
62032
62031
62030
62029
62028
62027
62026
62025
62024
62023
62022
62021
62020
62019
62018
62017
62016
62015
62014
62013
62012
62011
62010
62009
62008
62007
62006
62005
62004
62003
62002
62001
62000
61999
61998
61997
61996
61995
61994
61993
61992
61991
61990
61989
61988
61987
61986
61985
61984
61983
61982
61981
61980
61979
61978
61977
61976
61975
61974
61973
61972
61971
61970
61968
61967
61966
61965
61964
61963
61962
61961
61959
61958
61957
61956
61955
61951
61950
61949
61948
61947
61946
61945
61944
61943
61942
61941
61940
61939
61938
61937
61936
61935
61934
61931
61930
61929
61928
61927
61926
61925
61922
61921
61920
61919
61918
61917
61915
61914
61913
61910
61893
61892
61754
61753
61752
61751
61750
61749
61748
61747
61746
61745
61744
61743
61742
61741
61740
61739
61738
61737
61736
61735
61734
61733
61732
61731
61730
61729
61728
61727
61726
61725
61724
61723
61722
61721
61720
61719
61718
61716
61715
61714
61566
61565
61564
61562
61561
61560
61559
61558
61557
61556
61555
61554
61553
61551
61515
61513
61512
61511
61510
61509
61508
61507
61506
61505
61504
61503
61502
61501
61500
61499
61498
61497
61496
61495
61494
61493
61489
61487
61484
61482
61480
61478
61476
61475
61474
61473
61472
61471
61470
61469
61468
61467
61466
61465
61464
61460
61167
61166
60516
60002
59774
59669
59668
59256
59116
59042
59038
59037
59034
59031
59020
59013
59012
59010
59007
58874
58631
58569
57869
57843
57677
57676
57674
57671
57668
57607
57513
57503
57427
57127
56595
56582
56038
56036
55986
55985
55800
55573
55559
55529
55528
55484
55478
55304
55303
55301
55300
55299
55298
55297
55296
55294
55293
55292
55291
55290
55289
55192
55183
55136
55134
55128
55100
55099
55098
55097
55096
55095
55094
55093
55019
54990
54989
54978
54943
54942
54941
54940
54939
54938
54930
54562
54497
54496
54468
54467
54466
54465
54464
54463
54462
54460
54459
54458
54457
54456
54455
54454
54453
54452
54448
54447
54446
54445
54405
54404
54400
54397
54351
54347
54346
54345
54344
54343
54342
54341
54340
54339
54319
53926
53789
53788
53787
53786
53785
53784
53616
53611
53595
53594
53593
53591
53590
53588
53587
53586
53584
53581
53580
53578
53577
53576
53575
53574
53572
53570
53569
53465
52951
51539
51536
51534
51528
51526
51525
51524
51522
51519
51518
51516
51510
51508
51507
51506
51505
51503
51502
51501
51500
51499
51498
51497
51496
51495
51494
51493
51492
51491
51490
51489
51488
51487
51486
51485
51484
51483
51481
51480
51479
51478
51477
51476
51475
51335
51237
51236
51235
51232
51068
50128
50076
49859
49221
49191
49189
48914
47549
47547
47546
47545
46302
46300
46298
46297
46153
45498
45497
45496
45495
45492
45491
45366
45364
45362
44713
44709
44708
44707
44706
44705
44665
43836
43835
43834
43832
43830
43827
43824
43822
43821
43820
43819
43818
43646
43645
43395
43391
43331
43322
43304
43302
43296
43294
43169
43148
43141
43137
42954
42953
42948
42947
42935
42934
42902
41993
41098
41097
41096
41095
41094
41093
41092
41091
41090
41089
41088
41087
41086
41085
41084
41083
41082
41081
41080
41079
41078
41077
41076
41075
41074
41073
41072
41071
41070
41069
41068
41067
41066
41065
41063
41062
41061
41060
41058
41057
41055
41054
41052
41051
41049
41048
41047
41046
41045
41043
41041
39350
39349
39347
39346
39345
39344
39343
39342
39341
39340
39338
39336
39335
39334
39333
39332
39331
39330
39329
39328
39327
39326
39325
39324
39323
39322
39321
39320
39271
39270
39268
39267
39266
39265
39262
39260
39255
39254
39253
38942
38940
38935
38923
38921
38911
38908
38907
38900
38899
38898
38897
38896
38895
38894
38893
38892
38891
38883
38882
38881
38880
38879
38878
38877
38876
38875
38874
38873
38872
38871
38870
38869
38868
38867
38866
38865
38864
38863
38862
38861
38859
38858
38857
38854
38852
38851
38850
38847
38846
38843
38841
38840
38839
38838
38837
38836
38835
38834
38833
38831
38830
38829
38828
38827
38826
38825
38824
38823
38822
38821
38820
38819
38818
38817
38816
38815
38814
38813
38812
38811
38810
38809
38808
38807
38806
38805
38804
38803
38802
38801
38800
38799
38798
38797
38796
38795
38794
38793
38792
38791
38790
38789
38788
38787
38786
38785
38784
38783
38782
38781
38780
37195
37194
37193
37192
37191
37160
36791
36732
36664
36663
36662
36661
36660
36659
36656
36520
36432
36431
36430
36429
36428
36424
36423
36422
36421
36419
36418
36417
36416
36415
36413
36412
36411
36410
36409
36408
36406
36405
36404
36403
36402
36401
36400
36399
36398
36397
36395
36394
36393
36392
36391
36390
36389
36388
36387
36386
36385
36377
36368
36366
36365
36363
36362
36361
36360
36358
36357
36205
36204
36203
36202
36201
36200
36199
36198
36197
36195
36188
36187
36186
36185
36184
36182
36179
36176
36174
36172
36171
36170
36169
36168
36167
36166
36165
36164
36163
36162
36159
36157
36156
35995
25936
25328
25327
25326
25325
25324
25323
25321
25320
25319
25318
25317
25316
25168
25167
25166
25165
25164
25163
25162
25161
25160
25121
25114
25110
25109
25104
25086
25085
25084
25082
25080
25079
25078
25062
25061
24941
24940
24939
24938
24937
24936
24935
24934
24933
24932
24931
24930
24899
24896
24890
24889
24887
24886
24884
24883
24881
24878
24470
24409
24271
24267
24266
24265
24264
24263
24262
24260
23776
23688
23686
23685
23683
23682
23619
23618
23617
23616
23615
23614
23613
23612
23611
23610
23609
23607
23605
23603
23602
23310
23192
23191
23190
23189
23188
23187
23186
23185
23184
23183
23182
23181
23180
23179
23178
23177
23176
23175
23174
23173
23172
23171
23170
22750
22749
22748
22747
22592
22586
22585
22584
22583
22582
22581
22580
22579
22575
22574
22573
22572
22571
22564
22563
22562
22561
22529
22527
22524
22522
22517
22516
22515
22508
22506
22501
22496
22495
22494
22488
22448
22440
22412
22406
22354
22326
22227
22226
22224
22223
22155
22149
22148
22146
22145
22002
22001
21999
21938
21937
21936
21934
21902
21891
21890
21889
21888
21887
21866
21860
21792
21784
21783
21782
21769
21763
21762
21750
21749
21748
21744
21734
21725
21724
21616
21594
21591
21590
21589
21588
21587
21586
21585
21584
21583
21582
21581
21420
21404
21403
21402
21401
21400
21399
21398
21397
21396
21395
21394
21393
21392
21391
21390
21389
21388
21362
21298
21281
21280
21246
21127
21126
21125
21123
21122
21120
21109
21108
21107
21104
21098
21097
21096
21095
21094
21093
21092
21082
21069
21068
21067
21066
21065
21064
21063
21060
21059
21058
21057
21051
21044
20870
20842
20841
20839
20826
20823
20822
20820
20817
20816
20815
20814
20812
20811
20810
20809
20765
20761
20755
20740
20735
20718
20684
20659
20658
20657
20466
20439
20427
20272
20271
20270
20269
20268
20267
20266
20190
20189
20188
20187
20184
20175
20167
20165
20106
20101
20100
20099
20098
20097
20096
20095
20094
20093
20092
20091
20090
20077
20076
20075
20074
20073
20072
20071
20070
20069
20068
20067
20066
20065
20064
20063
20062
20061
20060
20059
20058
20057
20056
20055
20054
20053
20052
20051
20049
20048
20041
20040
20039
20038
20037
20036
20030
20026
20021
20017
20016
20015
20014
20013
20012
20011
20010
20009
20008
20007
20006
19994
19992
19990
19989
19988
19986
19984
19982
19975
19971
19970
19969
19968
19967
19966
19965
19964
19963
19962
19961
19960
19959
19958
19957
19956
19955
19954
19953
19952
19951
19950
19949
19948
19947
19946
19945
19944
19943
19942
19917
19916
19915
19914
19913
19912
19911
19910
19909
19908
19907
19906
19905
19904
19903
19902
19901
19900
19899
19898
19897
19896
19895
19894
19893
19858
19783
19782
19781
19780
19779
19778
19777
19776
19775
19774
19773
19772
19771
19770
19769
19768
19767
19766
19765
19764
19763
19762
19752
19751
19750
19749
19748
19747
19746
19745
19744
19743
19742
19741
19740
19739
19738
19737
19719
19718
19717
19716
19715
19714
19713
19712
19711
19710
19709
19708
19706
19705
19704
19703
19702
19700
19699
19698
19696
19695
19694
19693
19692
19691
19690
19689
19688
19687
19686
19685
19684
19683
19682
19681
19680
19679
19678
19677
19676
19675
19674
19673
19672
19671
19670
19669
19668
19667
19666
19665
19664
19663
19662
19661
19660
19659
19658
19657
19656
19655
19654
19653
19652
19651
19650
19649
19648
19647
19646
19645
19644
19643
19642
19641
19640
19639
19638
19637
19636
19635
19634
19633
19632
19631
19630
19629
19628
19627
19626
19625
19624
19623
19622
19621
19620
19619
19618
19617
19616
19615
19614
19613
19612
19611
19610
19609
19608
19607
19606
19605
19604
19603
19602
19601
19600
19599
19598
19597
19596
19595
19594
19593
19592
19591
19590
19589
19588
19587
19586
19585
19584
19583
19582
19581
19569
19568
19567
19566
19565
19564
19563
19562
19561
19560
19559
19558
19557
19556
19555
19554
19553
19552
19551
19550
19549
19548
19547
19546
19545
19544
19543
19542
19541
19540
19539
19538
19537
19536
19535
19534
19533
19532
19531
19530
19529
19528
19525
19524
19518
19516
19515
19509
19507
19506
19505
19504
19503
19468
19467
19466
19465
19464
19463
19443
19442
19441
19440
19439
19438
19437
19436
19435
19434
19402
19394
19357
19356
19355
19354
19353
19349
19343
19340
19339
19338
19337
19290
19289
19288
19287
19286
19285
19283
19282
19281
19280
19279
19278
19266
19260
19259
19258
19257
19256
19255
19254
19253
19251
19245
19241
19240
19239
19238
19237
19236
19234
19229
19228
19227
19226
19224
19223
19221
19220
19219
19217
19215
19212
19210
19208
19206
19205
19203
19202
19195
19191
19190
19189
19188
19186
19184
19183
19182
19179
19177
19176
19175
19174
19173
19172
19159
19157
19145
19144
19142
19141
19139
19138
19136
19135
19134
19133
19132
19130
19129
19128
19127
19126
19125
19124
19123
19119
19117
19116
19115
19114
19113
19112
19110
19103
19102
19101
19100
19099
19098
19096
19094
19093
19092
19089
19088
19085
19084
19083
19081
19079
19043
19041
19034
19028
19027
19025
19024
19023
19022
19021
19020
19019
19018
19017
19016
19013
19012
19011
19010
19009
19008
19007
19006
19005
19004
18950
18946
18944
18940
18939
18938
18937
18936
18935
18895
18890
18799
18798
18797
18796
18795
18794
18793
18792
18791
18790
18789
18787
18785
18784
18783
18782
18781
18780
18779
18778
18776
18775
18774
18773
18772
18771
18770
18769
18768
18767
18766
18765
18764
18763
18762
18761
18598
18537
18536
18535
18534
18533
18532
18498
18449
18437
18436
18435
18434
18433
18432
18431
18430
18429
18423
18422
18421
18420
18419
18418
18417
18416
18415
18414
18413
18412
18411
18410
18409
18408
18407
18406
18405
18404
18403
18402
18401
18400
18399
18398
18397
18396
18395
18394
18393
18392
18391
18390
18389
18388
18387
18386
18385
18384
18383
18382
18381
18380
18379
18378
18377
18376
18375
18374
18373
18372
18371
18370
18369
18368
18366
18365
18364
18363
18362
18361
18360
18359
18358
18357
18356
18355
18354
18276
18275
18274
18273
18272
18271
18270
18269
18268
18254
18253
18252
18161
18160
18159
18158
18157
18156
18155
18154
18153
18152
18151
18150
18149
18012
18011
18010
18009
18008
18007
18006
18005
18004
17995
17994
17993
17992
17959
17958
17957
17956
17955
17954
17953
17952
17951
17950
17949
17948
17947
17946
17943
17942
17941
17940
17939
17919
17835
17834
17833
17832
17831
17830
17829
17828
17827
17826
17825
17824
17823
17822
17821
17820
17819
17818
17817
17816
17815
17814
17813
17812
17811
17810
17809
17808
17807
17806
17805
17804
17803
17802
17801
17800
17799
17798
17797
17796
17534
17533
17532
17531
17530
17529
17528
17527
17526
17521
17520
17519
17399
17398
17397
17396
17395
17394
17393
17392
17391
17390
17389
17388
17387
17386
17385
17384
17382
17379
17378
17375
17373
17371
17369
17367
17365
17363
17362
17361
17360
17359
16984
16799
16797
16703
16702
16687
16675
16568
16476
16462
16461
15987
15986
15985
15983
15982
15981
15951
15950
15949
15948
15946
15945
15944
15943
15942
15941
15940
15939
15938
15937
15936
15935
15934
15933
15932
15931
15930
15929
15928
15507
15497
15205
15203
15202
15200
15198
15197
15195
15192
15190
15189
15187
15185
15184
15181
15180
15179
15178
15177
15176
15175
15173
15172
15171
15170
15169
15168
15167
15166
15165
15164
15163
15162
15161
15160
15159
15158
15157
15156
15155
15154
15153
15152
15151
15150
15149
15148
15147
15146
14969
14968
14967
14966
14965
14964
14963
14962
14961
14959
14958
14957
14956
14953
14951
14950
14947
14944
14937
14933
14931
14930
14929
14928
14927
14926
14925
14924
14923
14922
14921
14920
14919
14918
14917
14916
14915
14914
14913
14912
14911
14419
14418
14417
14416
14415
14414
14412
14082
14081
14080
14079
14078
14077
14076
14075
14074
14073
14072
14071
14070
14069
14068
14067
14066
14065
14064
14063
14062
14061
14060
14059
14058
14057
14056
14055
14054
14053
14052
14051
14050
14049
14048
14047
14046
14045
14044
13752
13748
13734
13714
13528
13158
12999
12971
12969
12928
12926
12909
12898
12880
12843
12833
12832
12831
12830
12829
12828
12827
12826
12825
12824
12823
12822
12821
12820
12819
12818
12817
12816
12815
12814
12813
12812
12811
12810
12809
12808
12801
12800
12799
12798
12797
12796
12795
12794
12786
12785
12783
12782
12780
12779
12778
12777
12775
12774
12773
12770
12769
12768
12767
12766
12765
12764
12763
12762
12761
12760
12759
12758
12757
12750
12749
12748
12747
12746
12745
12743
12742
12741
12739
12738
12737
12735
12734
12725
12722
12721
12720
12718
12714
12713
12711
12710
12709
12708
12707
12706
12705
12703
12702
12691
12670
12669
12668
12667
12666
12665
12664
12663
12662
12661
12660
12659
12658
12657
12656
12655
12654
12653
12652
12651
12650
12649
12648
12647
12646
12645
12644
12643
12642
12641
12640
12639
12638
12637
12636
12635
12634
12633
12632
12631
12630
12629
12628
12627
12626
12625
12624
12623
12622
12621
12620
12619
12618
12617
12616
12615
12614
12613
12612
12611
12610
12609
12608
12607
12606
12605
12604
12603
12602
12601
12600
12599
12598
12597
12596
12595
12594
12593
12592
12591
12337
12335
12334
12333
12332
12331
12330
12319
12315
12314
12313
12312
12311
12310
12309
12308
12182
12180
12178
12176
12175
12174
12173
12172
12171
12170
12169
12069
12068
12067
12066
12065
12064
12063
12062
12061
12060
12059
12058
12057
12056
12014
12013
12012
12011
12009
12008
12007
11661
11660
11659
11657
11543
11542
11541
11540
11539
11538
11537
11536
11530
11457
11327
10247
10243
10240
10238
10225
10224
10221
10216
10215
10213
10210
10209
10208
10207
10202
10201
10200
10199
10198
10194
10193
10192
10185
10181
10164
10157
10154
10065
10061
10058
10054
10051
10050
10049
10048
9961
9960
9959
9872
9865
9864
9862
9858
9853
9851
9846
9804
9764
9760
9745
9718
9716
9551
9549
9548
9487
9058
9012
9011
9010
9009
9007
9006
9004
8884
8596
8576
8555
8324
8323
8300
8297
7875
7873
7871
7869
7867
7865
7863
7861
7859
7857
7855
7268
6914
6913
6861
6860
6858
6854
6588
6587
6586
6585
6584
6583
6582
6581
6580
6579
6578
6577
6576
6575
6574
6573
6572
5494
5245
5244
4987
3498
3378
3372
182
181
180
179
178
177
