95563
95562
95561
95560
95559
95558
95557
95556
95555
95538
95537
95506
95495
95494
95493
95492
95491
95490
95489
95488
95487
95486
95485
95484
95483
95482
95481
95479
95478
95464
95463
95462
95449
95448
95404
95402
95395
95391
95389
95383
95382
95380
95379
95378
95377
95376
95375
95374
95373
95372
95371
95370
95361
95360
95359
95358
95357
95356
95355
95354
95353
95352
95351
95350
95349
95348
95347
95346
95327
95326
95325
95324
95323
95322
95321
95320
95319
95316
95315
95309
95307
95306
95305
95304
95303
95302
95301
95300
95299
95298
95277
95276
95275
95274
95273
95272
95271
95270
95269
95268
95267
95266
95261
95260
95259
95258
95257
95225
95224
95223
95222
95221
95220
95206
95203
95202
95201
95200
95199
95198
95197
95195
95193
95192
95188
95148
95133
95132
95131
95129
95126
95125
95124
95123
95122
95121
95120
95119
95111
95109
95108
95107
95106
95102
95100
95099
95098
95097
95095
95094
95093
95092
95091
95090
95089
95088
95087
95086
95085
95084
95083
95082
95081
95054
95033
95031
95030
95029
95028
95027
95026
95025
95024
95023
95022
94998
94997
94995
94994
94993
94992
94991
94990
94921
94915
94911
94880
94877
94876
94875
94874
94871
94870
94869
94868
94867
94856
94855
94854
94853
94852
94851
94850
94849
94848
94847
94846
94845
94844
94843
94842
94841
94840
94839
94796
94780
94779
94778
94777
94776
94775
94774
94773
94772
94771
94770
94769
94768
94767
94766
94765
94764
94763
94762
94761
94760
94759
94755
94754
94753
94752
94751
94750
94749
94748
94747
94746
94742
94741
94740
94739
94738
94737
94736
94735
94734
94733
94732
94731
94730
94729
94728
94727
94700
94699
94698
94697
94696
94695
94694
94640
94639
94638
94637
94636
94635
94634
94633
94615
94614
94612
94611
94610
94609
94608
94604
94602
94601
94599
94598
94597
94595
94594
94593
94592
94565
94564
94563
94562
94561
94560
94556
94555
94527
94520
94516
94512
94509
94507
94506
94505
94504
94503
94502
94501
94500
94499
94498
94497
94496
94495
94494
94493
94492
94491
94490
94489
94488
94487
94485
94484
94483
94482
94481
94480
94479
94405
94404
94403
94402
94401
94399
94397
94396
94395
94393
94391
94390
94389
94375
94364
94363
94362
94361
94360
94359
94358
94357
94314
94313
94312
94311
94310
94309
94308
94307
94306
94305
94298
94297
94296
94295
94294
94293
94292
94263
94226
94225
94220
94219
94218
94217
94216
94215
94214
94213
94212
94211
94210
94209
94208
94207
94206
94205
94204
94203
94202
94200
94199
94198
94197
94196
94195
94194
94193
94192
94191
94190
94189
94188
94187
94186
94185
94184
94183
94182
94181
94180
94179
94178
94177
94176
94175
94174
94173
94172
94171
94170
94169
94168
94167
94166
94165
94126
94125
94123
94122
94121
94119
94118
94117
94116
94114
94113
94112
94110
94108
94093
94045
94044
94043
94042
94041
94040
94039
94038
94037
94036
94035
94034
94033
94032
94031
94030
94029
94028
94026
94025
94024
94023
94022
93983
93982
93973
93972
93971
93966
93964
93959
93934
93932
93931
93930
93929
93928
93927
93926
93925
93924
93923
93922
93921
93920
93919
93918
93917
93916
93915
93914
93913
93912
93911
93910
93897
93896
93895
93894
93893
93892
93891
93890
93889
93888
93887
93881
93880
93879
93878
93877
93876
93875
93874
93873
93872
93834
93833
93832
93831
93830
93829
93828
93827
93826
93825
93824
93823
93822
93821
93820
93819
93818
93817
93816
93815
93814
93813
93812
93811
93802
93801
93800
93799
93798
93794
93793
93792
93791
93790
93789
93788
93787
93786
93785
93782
93779
93777
93776
93773
93759
93758
93757
93756
93755
93754
93753
93752
93746
93649
93647
93646
93644
93642
93641
93640
93604
93603
93602
93511
93488
93486
93485
93482
93466
93465
93464
93462
93461
93456
93454
93453
93452
93451
93450
93449
93440
93437
93435
93432
93429
93352
93351
93350
93349
93318
93313
93312
93310
93309
93307
93301
93296
93288
93284
93282
93279
93276
93275
93226
93225
93224
93222
93204
93202
93199
93196
93193
93182
93181
93152
93150
93149
93148
93056
93054
93053
93009
93008
93007
93006
93004
93003
93002
93000
92978
92977
92969
92968
92967
92966
92965
92964
92963
92962
92961
92960
92959
92958
92957
92956
92955
92915
92914
92913
92912
92911
92910
92909
92908
92893
92890
92887
92885
92878
92877
92876
92875
92873
92838
92837
92836
92835
92834
92833
92832
92831
92830
92829
92828
92827
92826
92825
92824
92823
92822
92821
92820
92819
92818
92817
92816
92815
92719
92718
92717
92716
92715
92684
92683
92682
92681
92680
92679
92678
92677
92676
92675
92674
92673
92672
92671
92670
92669
92668
92667
92666
92665
92664
92663
92662
92661
92660
92659
92658
92657
92656
91577
91576
91575
73561
73559
73529
69068
69067
69066
69065
69064
69063
69062
69061
69060
69059
68946
91565
91564
91563
91562
91561
91560
91559
91558
91557
91556
91554
91552
91546
91545
91544
91543
91542
91541
91540
91539
91538
91537
91534
91532
91530
91529
91528
91513
91512
91511
91510
91509
91508
91507
91506
91505
91502
91501
91498
91471
91470
91469
91468
91467
91465
91464
91462
91461
91460
91458
91457
91456
91444
91443
91442
91441
91440
91439
91438
91437
91436
91435
91434
91433
91432
91399
91398
91397
91396
91395
91394
91393
91392
91383
91381