66019
66018
66017
66016
66015
65787
65680
65676
65675
65674
65673
65672
65671
65670
65666
65665
65660
65517
65516
65514
65513
61575
61574
61573
61571
61569
26743
25962
25429
24718
24716
24715
24713
24712
24700
24698
24697
24696
24695
24694
24693
24690
24688
24685
24680
24679
24678
24676
24675
24674
24673
24672
24670
24669
24668
24667
24666
24665
24664
24663
24662
24661
24660
24659
24658
24657
24545
24543
24542
24541
24540
24538
24537
24536
24535
24534
24533
23329
23327
22647
22320
22207
22206
22205
22204
22203
22202
22201
22200
22199
22197
22196
22195
22194
22193
22192
22191
22190
22189
22188
22185
22184
22180
22178
22177
22176
22174
22171
22169
22167
22165
22163
22161
22021
22020
22019
22018
22017
22016
22015
22014
22013
22012
21605
21604
21603
21602
21601
21600
21599
21598
21597
21596
21595
21593
21592
21580
21579
21578
21577
21576
21572
21571
21570
21568
21567
21565
21564
21560
21559
21558
21557
21556
21555
21554
21553
21552
21551
21550
21549
21548
21547
21546
21545
21544
21543
21542
21541
21540
21539
21538
21537
21536
21535
21534
21533
21532
21531
21530
21529
21528
21525
21524
21523
21522
21521
21520
21519
21518
21517
21516
21515
21514
21513
21445
21444
21443
21442
21441
21440
21439
21438
21437
21436
21435
21434
21433
21432
21431
21430
21429
21428
21427
21426
21425
21424
21423
21422
21297
21296
21295
21294
21293
21292
21291
21290
21289
21288
21287
21286
21285
21284
21283
21278
21277
21276
21275
21274
21273
21272
21271
21270
21269
21268
21267
21266
21265
21244
21243
21242
21241
21240
21239
21238
21237
21236
21235
21234
21233
21232
21231
21230
21229
21228
21227
21226
21225
21224
21223
21222
21221
21220
21219
21218
21217
21216
21215
21214
21213
21212
21211
21210
21209
21208
21207
21206
21205
21204
21203
21202
21201
21200
21199
21198
21197
21196
21195
21194
21193
21192
21191
21190
21188
21187
21186
21185
21184
21182
21180
21179
21177
21173
21172
21170
21169
21168
21167
21165
21162
21161
21160
21159
21158
21157
21156
21155
21154
21153
21152
21151
21150
21149
21148
20644
20643
20642
20641
20640
20639
20638
20637
20636
20635
20634
20633
20632
20631
20630
20629
20628
20627
20626
20625
20611
20610
20609
20608
20607
20606
20186
20185
20164
20042
19921
19920
19919
19918
19845
19844
19843
19842
19841
19840
19839
19838
19836
19833
19832
19831
19830
19829
19828
19827
19826
19825
19824
19823
19822
19821
19820
19819
19818
19817
19816
19815
19814
19813
19812
19811
19810
19809
19808
19807
19806
19805
19804
19803
19802
19801
19800
19799
19798
19797
19796
19795
19794
19726
19725
19724
19723
19722
19721
19720
19499
19498
19497
19496
19495
19494
19493
19492
19491
19490
19489
19488
19487
19486
19485
19433
19432
19431
19430
19429
19428
19427
19426
19425
19424
19423
19422
19421
19420
19419
19418
19417
19416
19415
19414
19413
19412
19411
19410
19409
19408
19407
19406
19398
19397
19395
19391
19390
19389
19388
19387
19382
19381
19379
19378
19377
19376
19375
19369
19368
19367
19366
19364
19363
19362
19361
19336
19335
19334
19333
19332
19331
19330
19329
19328
19327
19326
19325
19324
19323
19322
19321
19320
19291
19277
19276
19275
19274
19273
19272
19271
19270
19269
19268
19267
19265
19264
19263
19262
19261
19252
19250
19249
19248
19247
19246
19244
19243
19242
19235
19233
19232
19231
19230
19225
19222
19216
19214
19209
19140
19137
19131
19122
19121
19120
19118
19036
19035
19030
19029
19015
17472
17333
17331
17329
17328
17327
17326
17325
17324
17323
17322
17321
17320
17319
17318
17317
17316
17315
17314
17313
17312
17311
17310
17309
17308
17295
17086
17085
17084
17083
17082
17081
17080
17079
17078
17077
17076
17075
17074
17073
17072
17071
17070
17069
17068
17067
17066
17065
17064
17063
17062
17061
17060
17059
17058
17057
17056
17055
17054
17049
17048
17047
17046
17045
17044
17043
17042
17041
17040
17039
17038
17037
16623
16622
16621
16620
16619
16618
16617
16616
16615
16614
16613
16612
16611
16610
16609
16608
16607
16606
16605
16604
16603
16602
16601
16600
16599
16598
16596
16595
16594
16593
16565
16564
16563
16562
16561
16560
16559
16557
16556
16554
16552
16550
16548
16546
16543
16541
16540
16539
16538
16537
16536
16535
16534
16533
16532
16531
16529
16528
16527
16526
16525
16524
16523
16522
16521
16520
16519
16518
16517
16516
16515
16514
16513
16506
16504
16502
16501
16500
16499
16498
16497
16495
16493
16490
16488
16486
16467
16435
16433
16432
16430
16428
16426
16425
16424
16422
16421
16419
16418
16417
16416
16415
16413
16412
16409
16406
16404
16403
16401
16400
16399
16398
16397
16396
16395
16394
16393
16392
16391
16390
16389
16388
16387
16386
16385
16384
16382
16381
16380
16379
16378
16370
16368
16366
16363
16356
16355
16354
16353
16352
16351
16350
16349
16348
16347
16346
16345
16344
16343
16342
16341
16340
16339
16338
16336
16335
16334
16333
16332
16331
16327
16326
16325
16324
16323
16320
16319
16318
16317
16316
16315
16314
16313
16312
16311
16310
16309
16308
16307
16306
16305
16304
16303
16302
16300
16299
16298
16297
16296
16294
16293
16292
16291
16290
16289
16288
16287
16286
16285
16284
16283
16282
16281
16280
16279
16278
16277
16276
16275
16274
16273
16272
16271
16270
16269
16268
16267
16266
16265
16263
16262
16227
16226
16225
16224
16223
16222
16221
16220
16219
16218
16217
16214
16213
16212
16211
16210
16209
16208
16207
16206
16205
16204
16203
16202
16201
16200
16199
16198
16197
16196
16195
16194
15974
15973
15972
15971
15970
15969
15968
15967
15966
15965
15964
15963
15962
15961
15960
15959
15958
15957
15956
15955
15954
15953
15952
15947
15891
15890
15889
15888
15887
15886
15885
15884
15883
15882
15880
15878
15877
15876
15875
15874
15873
15872
15871
15869
15866
15865
15864
15863
15862
15859
15858
15857
15856
15855
15854
15853
15852
15851
15850
15849
15848
15847
15846
15845
15844
15843
15842
15841
15840
15839
15838
15837
15836
15835
15834
15833
15832
15831
15830
15829
15828
15827
15826
15825
15824
15823
15822
15821
15820
15819
15818
15817
15816
15815
15814
15813
15812
15811
15810
15809
15808
15807
15806
15805
15802
15801
15800
15799
15798
15797
15793
15791
15788
15787
15784
15783
15781
15778
15777
15776
15774
15773
15770
15768
15766
15765
15763
15762
15761
15760
15759
15758
15757
15756
15705
15704
15703
15702
15701
15700
15699
15698
15697
15696
15695
15694
15693
15692
15691
15690
15689
15688
15687
15686
15685
15684
15683
15682
15681
15680
15679
15678
15677
15676
15675
15674
15673
15672
15671
15670
15669
15668
15667
15666
15665
15664
15663
15662
15661
15660
15659
15658
15657
15656
15655
15654
15653
15652
15651
15650
15649
15648
15647
15646
15645
15644
15643
15642
15641
15640
15639
15638
15637
15636
15635
15634
15633
15632
15631
15630
15629
15628
15627
15626
15625
15624
15623
15622
15621
15620
15619
15618
15617
15616
15469
15468
15467
15466
15465
15464
15463
15462
15461
15460
15459
15458
15457
15456
15455
15454
15453
15452
15451
15450
15449
15448
15447
15446
15445
15444
15443
15442
15441
15440
15439
15438
15437
15436
15435
15434
15433
15432
15431
15419
15417
15416
15414
15412
15411
15410
15409
15408
15407
15406
15405
15404
15403
15402
15390
15389
15388
15379
15375
14444
13482
13481
13480
13479
13478
13477
13476
13475
13474
13473
13472
13471
13470
13469
13468
13449
13448
13447
13446
13445
13444
13442
13441
13345
13344
13343
13342
13341
13340
13339
13338
13337
12694
12495
12494
12492
12491
12490
12489
12488
12487
12486
12395
12387
12386
12385
12384
12383
12382
12381
12380
12379
12378
12377
12376
12375
12374
12373
12010
10363
10362
10361
10360
10359
10358
10357
10356
10355
10354
10353
10352
10350
10349
10348
10347
10346
10345
10344
10343
10340
10339
10338
10337
10336
10335
10333
10331
10329
10328
10325
10322
8690
5797
4208
3928
3896
3815
3311
3310
3309
3300
3299
3298
3297
3296
3294
3293
3291
3290
3289
3288
3287
3227
3226
3204
3195
3171
3170
3164
3162
3125
3123
3117
3115
3110
3096
3083
3081
3040
3039
2999
2995
2993
2981
2958
2941
2757
2756
2755
2754
2753
2752
2751
2745
2742
2704
2703
2702
2701
2700
2641
2640
2639
2638
2637
2636
2629
2627
2623
2620
2618
2615
2612
2607
2600
2598
2595
2593
2578
2577
2576
2575
2574
2573
2571
2570
2569
2568
2567
2566
2565
2564
2563
2561
2559
2558
2557
2556
2470
2469
2468
2467
2466
2465
2455
2453
2451
2389
2385
2384
2347
2344
2260
2255
2254
2252
2251
2245
2241
2240
2239
2238
2237
2236
2235
2232
2231
2230
2229
2228
2227
2226
2225
2222
2221
2220
2219
2218
2217
2216
2215
2209
2207
2206
2190
1996
1890
1889
1887
1884
1865
1850
1841
1840
1837
1832
1823
1815
1811
1804
1799
1796
1795
1794
1790
1786
1785
1784
1780
1777
1775
1767
1758
1748
1731
1729
1728
1727
1725
1722
1719
1715
1714
1712
1709
1705
1702
1690
1689
1686
1684
1681
1677
1674
1667
1664
1658
1651
1645
1615
1612
1611
1610
1608
1607
1606
1605
1604
1603
1601
1574
1567
1566
1561
1558
1553
1397
1325
1324
1323
1322
1321
1276
1272
1271
1269
1268
1267
1266
1264
1261
1257
1253
1252
1248
1245
1244
1243
1241
1238
1237
1233
1226
1222
1206
1190
1183
1162
1161
1151
1147
1143
1140
1133
1127
1124
1121
1116
1109
1103
1097
1095
1086
1079
1048
1047
1046
1045
1043
1039
1024
1011
1008
809
807
804
799
796
794
63023
63021
63020
62994
62959
62958
62957
62956
62948
62382
62375
62374
62372
62371
62370
62178
62125
62124
62123
62122
62120
62119
61908
61791
61788
61787
61577
61576
61568
61567
61552
61547
61546
61525
61523
61284
61163
61162
61161
61159
61158
61157
61156
61155
61153
61152
61151
61150
61149
61147
61146
61130
61129
61128
61093
61091
61090
61089
61073
60965
60963
60962
60959
60958
60957
60956
60955
60952
60726
60648
60647
60646
60578
60577
60576
60575
60572
60566
60564
60560
60554
60545
60542
60472
60471
60469
60468
60467
60442
60422
60420
60419
60418
60415
60414
60407
60405
60394
60386
60383
60365
60364
60363
60362
60361
60360
60153
60150
60149
60148
60147
60145
60103
60083
59994
59992
59978
59973
59961
59933
59888
59887
59886
59884
59882
59881
59880
59879
59878
59840
59661
59659
59657
59653
59652
59573
59572
59571
59570
59522
59520
59518
59517
59514
59511
59505
59504
59503
59484
59482
59478
59408
59407
59402
59388
59385
59384
59383
59381
59380
59379
59378
59336
59275
59274
59273
59270
59269
59266
59263
59261
59130
59122
58976
58969
58957
58935
58934
58930
58929
58927
58925
58924
58923
58922
58911
58847
58624
58622
58621
58620
58568
58528
58453
58362
58354
58345
58342
58341
58338
58285
58282
58281
58280
58279
58278
58277
58238
58237
58235
58234
58231
58230
58229
58227
58226
58221
58219
58217
58216
58204
58199
58156
58155
58154
58152
58121
58120
58119
58116
58115
58113
57938
57937
57908
57907
57906
57905
57904
57903
57902
57900
57899
57897
57895
57892
57888
57877
57875
57874
57873
57872
57871
57831
57819
57817
57808
57757
57756
57752
57751
57747
57746
57688
57687
57686
57685
57684
57498
57496
57494
57486
57484
57482
57479
57368
57367
57366
57365
57363
57357
57291
57290
57218
57217
57216
57215
57213
57212
57211
57166
57163
57161
57160
57159
57158
57156
57153
57149
57146
57145
57143
57140
56988
56938
56937
56936
56866
56865
56864
56863
56862
56861
56860
56859
56857
56856
56855
56795
56772
56771
56770
56738
56737
56733
56730
56729
56728
56722
56721
56654
56647
56598
56597
56596
56594
56584
56578
56572
56571
56569
56563
56561
56558
56555
56553
56552
56551
56549
56547
56546
56473
56369
56367
56366
56364
56361
56354
56336
56335
56273
56267
56266
56260
56256
56249
56200
56199
56198
56197
56196
56022
56018
56017
56016
56013
56012
56008
56007
56005
56004
56003
56002
55999
55998
55996
55980
55979
55978
55946
55945
55944
55943
55942
55864
55863
55861
55833
55805
55735
55727
55720
55719
55704
55685
55683
55682
55666
55664
55663
55654
55651
55650
55645
55642
55640
55639
55638
55634
55629
55580
55577
55576
55575
55522
55519
55413
55412
55381
55377
55373
55356
55355
55328
55317
55316
55311
55310
55295
55288
55286
55285
55162
55139
55127
55120
55115
55091
55090
55088
55087
55086
55085
55084
55081
55080
55078
55077
55071
54705
54699
54697
54694
54691
54689
54688
54687
54686
54685
54654
54628
54624
54616
54610
54595
54540
54537
54535
54531
54530
54528
54527
54526
54524
54522
54512
54509
54403
54399
54398
54333
54332
54313
54312
54301
54300
54299
54298
54297
54296
54294
54293
54215
54208
54159
54158
54151
54149
54147
54146
54145
54143
54142
54141
54140
54138
54137
54134
54132
54127
54083
54079
54069
54067
54064
54061
54052
54050
54049
53810
53806
53799
53798
53779
53778
53776
53545
53422
53416
53414
53412
53410
53409
53406
53404
53100
53060
53059
53055
53054
53053
53030
53029
53025
53024
53023
53021
53014
53002
53001
53000
52999
52994
52974
52972
52970
52968
52967
52963
52961
52959
52958
52956
52946
52945
52944
52943
52934
52833
52828
52827
52813
52811
52810
52808
52804
52803
52801
52800
52731
52726
52667
52664
52661
52657
52637
52636
52631
52627
52625
52620
52619
52613
52607
52606
52604
52544
52260
52258
52252
52232
52199
52186
52185
52182
52169
52140
52138
52137
52118
52079
52078
52073
52072
52070
52069
52068
51981
51974
51970
51967
51966
51964
51917
51887
51880
51776
51764
51758
51732
51708
51691
51690
51655
51646
51581
51570
51569
51568
51567
51566
51553
51552
51548
51544
51538
51520
51509
51482
51461
51460
51457
51456
51435
51433
51428
51426
51407
51406
51387
51386
51364
51363
51352
51351
51349
51348
51347
51346
51329
51328
51327
51326
51321
51320
51319
51284
51282
51279
51278
51276
51263
51262
51202
51201
51198
51197
51195
51173
51165
51164
51152
51113
51056
51048
50996
50991
50990
50989
50977
50953
50952
50951
50950
50922
50899
50898
50893
50892
50865
50863
50796
50789
50775
50771
50768
50762
50730
50728
50725
50719
50718
50717
50712
50711
50710
50709
50707
50705
50703
50702
50699
50670
50664
50625
50622
50620
50613
50607
50602
50596
50562
50561
50537
50496
50476
50475
50474
50469
50458
50454
50448
50435
50380
50361
50251
50250
50249
50244
50227
50221
50217
50214
50192
50191
50072
50020
50019
50017
50016
50015
50014
50012
50011
50008
49995
49990
49988
49986
49982
49981
49979
49978
49977
49975
49974
49973
49918
49917
49916
49913
49858
49857
49856
49773
49680
49652
49651
49650
49649
49646
49644
49643
49642
49640
49639
49638
49637
49636
49635
49608
49604
49602
49601
49600
49598
49596
49593
49588
49584
49582
49580
49573
49572
49571
49569
49564
49529
49439
49437
49435
49433
49430
49429
49426
49421
49419
49417
49413
49411
49407
49258
49253
49251
49250
49247
49246
49245
49244
49243
49242
49241
49231
49230
49226
49225
49223
49149
49148
49147
49142
49141
49140
49139
49138
49137
49136
49072
49066
49065
49057
49051
49040
49039
49031
49027
49026
49023
49019
49011
49006
49002
48992
48991
48990
48989
48988
48987
48986
48985
48940
48939
48937
48934
48933
48931
48929
48926
48922
48855
48850
48847
48835
48776
48775
48770
48769
48768
48767
48766
48765
48764
48762
48754
48753
48752
48751
48750
48748
48746
48745
48741
48740
48739
48738
48737
48686
48685
48684
48683
48682
48681
48680
48679
48678
48650
48607
48600
48599
48598
48596
48585
48578
48577
48575
48572
48568
48564
48563
48562
48561
48560
48559
48551
48437
48428
48417
48416
48415
48387
48377
48375
48374
48352
48340
48339
48338
48336
48335
48334
48332
48328
48324
48322
48318
48316
48313
48213
48181
48175
48170
48169
48156
48145
48138
48136
48135
48094
48091
48090
48087
48086
48085
48084
48083
48082
48072
48068
48067
48066
48065
47904
47902
47901
47899
47897
47894
47893
47803
47802
47801
47778
47777
47773
47767
47764
47758
47725
47724
47723
47722
47721
47718
47717
47716
47715
47714
47713
47712
47709
47702
47695
47694
47692
47687
47684
47665
47658
47620
47618
47617
47613
47612
47607
47606
47602
47601
47600
47598
47597
47591
47590
47589
47588
47586
47585
47584
47582
47575
47564
47542
47541
47540
47539
47538
47537
47536
47534
47533
47532
47523
47522
47521
47520
47519
47518
47517
47474
47473
47472
47471
47450
47448
47447
47445
47444
47443
47441
47440
47439
47438
47437
47436
47435
47416
47382
47376
47311
47306
47305
47298
47292
47286
47261
47260
47259
47258
47257
47256
47255
47254
47253
47252
47251
47250
47249
47248
47247
47246
47245
47244
47243
47229
47118
47105
47103
47098
47096
47095
47092
47084
47083
46990
46979
46906
46868
46866
46861
46860
46859
46858
46857
46856
46855
46854
46853
46852
46840
46839
46828
46820
46819
46789
46788
46784
46783
46782
46779
46778
46777
46776
46775
46774
46731
46726
46625
46517
46515
46511
46502
46501
46484
46414
46413
46412
46411
46395
46394
46392
46391
46390
46389
46388
46223
46220
46218
46216
46211
46036
46023
45968
45967
45966
45965
45959
45945
45944
45943
45929
45928
45876
45875
45874
45863
45856
45853
45852
45851
45850
45849
45848
45835
45831
45830
45829
45828
45825
45824
45822
45821
45815
45813
45808
45800
45799
45798
45797
45758
45757
45756
45755
45754
45717
45716
45714
45690
45688
45687
45686
45685
45669
45668
45664
45612
45611
45598
45597
45546
45480
45479
45472
45471
45465
45464
45462
45461
45460
45459
45458
45457
45456
45455
45451
45450
45419
45410
45279
44991
44989
44973
44972
44971
44970
44966
44965
44963
44961
44960
44959
44958
44957
44919
44863
44862
44861
44860
44857
44823
44822
44794
44793
44789
44749
44747
44745
44718
44675
44674
44672
44670
44669
44668
44667
44601
44591
44589
44587
44586
44585
44583
44582
44473
44420
44418
44415
44401
44398
44366
44362
44361
44355
44354
44224
44014
44013
44012
43960
43958
43956
43887
43886
43885
43883
43723
43720
43716
43708
43707
43702
43699
43682
43681
43588
43584
43552
43544
43542
43540
43539
43494
43321
43320
43319
43318
43314
43311
43308
43251
43249
43153
43129
43127
43012
43010
42956
42955
42950
42946
42945
42941
42906
42905
42843
42841
42840
42839
42809
42552
42551
42549
42541
42532
42526
42525
42521
42520
42504
42433
42432
42431
42396
42394
42393
42384
42383
42343
42151
42132
42130
42126
42124
42123
42122
42117
42043
42042
42041
42040
41996
41991
41990
41708
41707
41706
41704
41703
41701
41700
41626
41625
41624
41622
41614
41576
41573
41458
41457
41455
41454
41453
41452
41451
41450
41449
41448
41414
41412
41410
41409
41407
41406
41405
41148
41146
41144
41143
41129
41107
41102
41101
41100
41059
41056
41050
41044
41042
41006
41005
41004
41002
41001
40978
40896
40895
40891
40890
40889
40887
40871
40824
40823
40812
40805
40796
40794
40726
40720
40715
40671
40664
40656
40638
40637
40635
40634
40633
40580
40579
40578
40577
40573
40569
40568
40566
40565
40564
40563
40562
40560
40559
40555
40552
40551
40549
40548
40534
40507
40503
40502
40501
40487
40484
40481
40480
40478
40476
40410
40408
40407
40406
40395
40333
40320
40319
40266
40264
40263
40262
40261
40225
40224
40222
40221
40213
40209
40196
40195
40194
40193
40190
40189
40167
40164
40157
40141
40121
40119
40113
40111
40106
40088
40086
40084
40041
40040
40039
40038
40037
40014
40013
40012
40011
40010
40008
40007
40004
40001
39996
39991
39974
39973
39944
39943
39942
39941
39940
39920
39880
39875
39874
39873
39867
39866
39865
39864
39863
39862
39859
39858
39857
39856
39854
39790
39777
39580
39523
39522
39520
39221
39177
39138
39135
39002
39001
38999
27369
27368
27367
27366
27365
27364
27359
27358
27357
27356
27355
27354
27353
27352
26536
26509
26508
26507
26107
26102
26101
26099
26098
25883
25881
25880
25879
25878
25472
25471
25470
25455
25454
25453
25422
25421
25384
25220
25192
25191
25190
25189
25188
25183
25179
24856
24854
24853
24852
24851
24849
24848
24847
24846
24845
23684
23681
23680
22591
22590
22589
22588
22587
22578
22577
22576
22566
22560
22559
22552
22551
22543
22535
22521
22520
22519
22518
22507
22505
22503
22502
22500
22499
22498
22497
22493
22492
22491
22490
22489
22487
22486
22485
22484
22483
22482
22481
22480
22479
22478
22477
22476
22475
22474
22473
22472
22471
22470
22469
22468
22467
22466
22465
22464
22463
22462
22461
22460
22459
22458
22457
22456
22455
22454
22453
22452
22451
22450
22449
22447
22446
22445
22444
22443
22442
22441
22439
22438
22437
22436
22435
22434
22433
22432
22431
22430
22429
22428
22427
22426
22425
22424
22423
22422
22421
22420
22419
22418
22417
22416
22415
22414
22413
22411
22410
22409
22408
22407
22405
22404
22403
22402
22401
22400
22399
22398
22397
22351
22330
22329
22328
22327
22325
22324
22323
21939
21923
21776
20964
20963
20962
20961
20960
20959
20958
20957
20956
20955
20954
20953
20952
20951
20950
20949
20948
20947
20946
20945
20944
20943
20942
20941
20940
20939
20938
20438
20437
20436
20419
20418
20417
20416
20415
20414
20413
20412
20411
20410
20409
20407
20406
20405
20404
20403
20402
20401
20400
20399
20398
20394
20304
20303
20302
20301
20300
20299
20298
20204
20114
20113
20111
18999
18998
18997
18994
18993
18992
18991
18990
18981
18834
18833
18832
18831
18830
18829
18826
18824
18823
18822
18821
18820
18819
18818
18817
18816
18815
18814
18813
18812
18811
18810
18809
18580
18579
18578
18577
18576
18575
18574
18573
18565
18562
18560
18323
18322
18321
18320
18319
18318
18087
18086
18085
18084
18083
18082
18081
18080
18079
18078
18077
18076
18075
18074
18073
18072
18071
18069
18068
18067
18066
18065
18064
18063
18062
18061
17892
17891
17890
17888
17887
17884
17766
17765
17764
17763
17762
17761
17760
17759
17758
17757
17756
17755
17754
17753
17752
17751
17750
17749
17748
17747
17734
17733
17726
17669
17667
17468
17467
17466
17404
17196
17195
17194
17148
17032
16983
16982
16981
16980
16979
16978
16977
16976
16975
16974
16973
16972
16971
16970
16969
16968
16967
16966
16965
16964
16963
16962
16960
16959
16958
16957
16956
16955
16954
16953
16952
16951
16950
16949
16948
16947
16946
16945
16944
16943
16942
16941
16940
16939
16938
16937
16935
16934
16933
16932
16931
16930
16929
16928
16927
16926
16925
16924
16923
16922
16921
16920
16919
16918
16917
16916
16915
16914
16913
16912
16911
16910
16909
16908
16907
16906
16905
16904
16903
16902
16901
16900
16899
16898
16897
16896
16895
16894
16893
16892
16891
16890
16889
16888
16887
16886
16885
16884
16883
16882
16881
16880
16879
16878
16877
16876
16875
16874
16873
16872
16871
16870
16869
16868
16867
16866
16865
16864
16863
16862
16861
16860
16859
16858
16857
16856
16855
16853
16852
16851
16850
16849
16848
16847
16846
16845
16844
16843
16842
16841
16838
16837
16836
16835
16834
16833
16832
16831
16830
16829
16827
16826
16824
16810
16809
16807
16806
16805
16804
16803
16802
16801
16793
16663
16662
16661
16660
16659
16407
16383
16362
16161
16159
16113
16005
15926
15400
15399
15398
15397
15396
15395
15394
15393
15392
15391
15387
15386
15385
15384
15383
15382
15381
15380
15378
15377
15376
15374
15373
15372
15371
15370
15369
15368
15367
15366
15349
15348
15347
15346
15345
15344
15343
15342
15341
15340
15338
15337
15336
15335
15334
15333
15332
15331
15330
15329
15328
15327
15326
15325
15324
15323
15322
15321
15320
15319
15318
15316
15315
15314
15313
15312
15311
15309
15308
15307
15306
15305
15304
15303
15302
15301
15300
15299
15298
15297
15296
15295
15294
15293
15292
15291
14446
14445
14443
14383
14382
14381
14380
14379
14378
14377
14376
14375
14374
14373
14372
13976
13975
13974
13973
13972
13971
13970
13969
13968
13967
13966
13965
13964
13963
13962
13961
13960
13959
13958
13957
13956
13955
13954
13953
13952
13951
13950
13949
13948
13947
13946
13945
13944
13943
13942
13941
13940
13939
13938
13937
13936
13916
13915
13914
13913
13912
13911
13910
13909
13908
13907
13906
13905
13904
13903
13902
13901
13900
13899
13898
13897
13896
13895
13894
13893
13892
13891
13890
13889
13888
13887
13886
13885
13884
13883
13882
13881
13880
13879
13878
13713
13712
13711
13710
13709
13708
13707
13706
13705
13704
13703
13702
13701
13700
13699
13698
13697
13696
13695
13694
13693
13692
13691
13690
13689
13688
13687
13686
13685
13684
13683
13682
13681
13680
13679
13678
13677
13676
13675
13674
13673
13672
13671
13670
13669
13668
13667
13666
13665
13664
13663
13662
13661
13660
13659
13658
13657
13656
13655
13654
13653
13652
13651
13650
13649
13648
13647
13646
13645
13644
13643
13642
13641
13640
13639
13638
13637
13636
13635
13634
13633
13632
13631
13630
13629
13628
13627
13626
13625
13624
13623
13622
13621
13620
13619
13618
13617
13616
13615
13614
13613
13612
13611
13610
13609
13608
13607
13606
13605
13604
13603
13601
13600
13599
13598
13597
13596
13594
13593
13592
13591
13590
13589
13588
13587
13586
13585
13584
13583
13582
13581
13580
13579
13578
13577
13576
13575
13574
13573
13572
13571
13570
13569
13568
13567
13566
13565
13564
13563
13562
13561
13560
13559
13558
13557
13556
13555
13554
13553
13551
13550
13549
13548
13547
13425
13421
13322
13321
13320
13319
13318
13317
13316
13315
13314
13313
13312
13311
13310
13309
13308
13307
13306
13305
13304
13302
13301
13300
13299
13298
13296
13295
13294
13293
13292
13291
13290
13289
13288
13286
13285
13282
13281
13280
13279
13277
13276
13275
13274
13273
13272
13271
13270
13268
13266
13265
13264
13263
13262
13261
13260
13257
13107
13106
13105
13104
13103
13102
13101
13100
13099
13098
13097
13096
13095
13094
13093
13092
13091
13090
13089
13088
13087
13086
13085
13084
13083
13082
13081
13080
13079
13078
13077
13076
13075
13074
13073
13072
13071
13070
13069
13068
13067
13066
13065
13062
13061
13060
13059
13058
13057
13055
13054
13053
13052
13051
13050
13049
13048
13047
13046
13045
13044
13043
13042
13036
13035
12673
12672
12567
12566
12565
12563
12562
12561
12560
12559
12558
12557
12556
12555
12554
12553
12552
12551
12550
12549
12548
12547
12546
12545
12544
12543
12542
12541
12540
12539
12538
12537
12536
12535
12534
12533
12532
12531
12530
12529
12528
12527
12526
12524
12523
12522
12521
12520
12519
12518
12517
12516
12515
12514
12513
12512
12511
12510
12509
12508
12507
12506
12505
12504
12503
12502
12501
12500
12499
12498
12497
12485
12484
12483
12482
12481
12480
12479
12478
12477
12476
12475
12474
12473
12472
12471
12470
12469
12468
12467
12466
12465
12464
12463
12462
12461
12460
12459
12454
12453
12452
12451
12444
12443
12442
12441
12440
12439
12438
12437
12436
12435
12434
12433
12432
12431
12430
12429
12428
12427
12426
12425
12424
12423
12422
12421
12420
12419
12418
12417
12416
12415
12414
12413
12412
12407
12406
12405
12404
12403
12402
12399
12397
12394
12393
12392
12391
12390
12389
12388
12372
12371
12370
12369
12368
12367
12366
12365
12364
12363
12362
12361
12360
12359
12357
12356
12355
12354
12353
12352
12351
12350
12349
12348
12347
12346
12345
12344
12343
12342
12293
12287
12286
12285
12284
12283
12282
12281
12280
12279
12278
12277
12276
12275
12274
12273
12272
12271
12270
12269
12268
12267
12266
12265
12264
12263
12262
12261
12260
12259
12258
12257
12254
12253
12252
12251
12250
12246
12245
12244
12243
12242
12241
12240
12239
12238
12237
12236
12235
12234
12233
12232
12231
12230
12229
12228
12227
12226
12225
12224
12223
12222
12221
12220
12219
12218
12217
12216
12215
12214
12213
12212
12211
12210
12209
12208
12205
12204
12187
12186
12185
12184
12183
12181
12179
12177
12168
12167
12166
12165
12164
12163
12162
12161
12160
12159
12158
12157
12156
12155
12154
12153
12152
12151
12150
12149
12148
12147
12146
12145
12144
12143
12142
12141
12140
12139
12138
12137
12136
12135
12134
12133
12132
12131
12130
12129
12128
12127
12126
12125
12124
12123
12122
12121
12120
12119
12118
12117
12116
12115
12114
12113
12112
12111
12110
12109
12108
12107
12106
12105
12104
12103
12102
12101
12100
12099
12098
12097
12096
12095
12094
12093
12092
12091
12090
12089
12088
12087
12086
12085
12084
12083
12082
12081
12080
12079
12078
12077
12052
12051
12050
12049
12048
12047
12046
12045
12044
12021
12020
12019
12018
12017
12016
12015
12002
12001
12000
11999
11998
11997
11996
11995
11994
11993
11992
11991
11990
11989
11988
11986
11985
11984
11983
11982
11981
11980
11979
11978
11977
11976
11975
11968
11967
11966
11965
11964
11963
11962
11961
11960
11959
11958
11957
11956
11955
11954
11953
11952
11951
11950
11949
11948
11946
11944
11943
11942
11941
11940
11939
11938
11937
11936
11935
11934
11933
11932
11931
11930
11929
11928
11927
11926
11923
11922
11921
11920
11919
11918
11917
11916
11915
11914
11913
11912
11911
11910
11909
11908
11907
11906
11905
11904
11903
11902
11901
11900
11899
11898
11897
11896
11895
11894
11893
11892
11891
11890
11889
11888
11887
11886
11885
11884
11883
11882
11881
11880
11877
11874
11873
11872
11871
11870
11869
11868
11867
11865
11800
11799
11798
11797
11796
11795
11794
11793
11792
11791
11790
11789
11788
11787
11786
11785
11784
11783
11782
11781
11779
11778
11777
11776
11775
11774
11773
11772
11771
11770
11769
11768
11767
11766
11765
11764
11763
11762
11761
11760
11759
11758
11757
11756
11755
11754
11753
11752
11751
11750
11749
11748
11747
11746
11745
11744
11743
11742
11741
11740
11739
11738
11737
11736
11735
11734
11733
11732
11731
11730
11729
11728
11727
11726
11725
11722
11721
11720
11719
11718
11717
11716
11715
11714
11713
11712
11711
11710
11709
11708
11707
11706
11705
11704
11703
11697
11696
11695
11694
11693
11692
11691
11690
11689
11688
11687
11686
11685
11684
11683
11682
11680
11679
11677
11676
11675
11674
11673
11672
11671
11670
11668
11667
11666
11665
11664
11663
11594
11529
11528
11503
11147
11146
11145
11144
11143
11142
11141
11077
11076
11074
11071
11069
11068
11067
11066
11065
11064
11062
11061
11060
11059
11058
11057
11056
11055
10778
10776
10775
10774
10773
10771
10768
10767
10766
10765
10764
10763
10762
10760
10759
10758
10756
10755
10754
10753
10752
10751
10750
10749
10748
10747
10746
10607
10600
10595
10592
10587
10586
10584
10582
10581
10580
10578
10576
10469
10466
10464
10462
10461
10460
10457
10456
10455
10451
10450
10395
10394
10393
10391
10387
10384
10383
10382
10376
10375
10374
10373
10372
10371
10368
10366
10043
10042
10041
10040
10039
10038
10037
10036
10035
10034
10033
10031
10030
10028
10027
10026
9978
9976
9974
9972
9957
9956
9955
9949
9947
9945
9924
9921
9688
9684
9674
9673
9668
9430
9369
9360
9134
9133
9131
9130
9129
9128
9121
9120
9117
9116
9113
9112
9110
9109
9107
9106
9105
9104
9100
9098
9089
9063
9062
9032
9030
9029
9027
9026
9025
9022
8915
8795
8545
8544
8543
8542
8541
8540
8539
8538
8537
8536
8535
8534
8533
8532
8531
8530
8529
8528
8527
8526
8525
8524
8523
8522
8521
8520
8519
8518
8517
8516
8515
8514
8513
8512
8511
8510
8509
8508
8507
8506
8505
8504
8502
8500
8498
8497
8496
8494
8492
8489
8419
8418
8417
8416
8415
8414
8413
8412
8411
8410
8408
8407
8406
8405
8404
8403
8402
8401
8400
8399
8398
8397
8396
8395
8394
8393
8392
8391
8390
8389
8388
8387
8386
8385
8384
8383
8382
8381
8380
8379
8378
8376
8375
8374
8373
8372
8370
8369
8049
8048
8047
8046
8045
8044
8043
8042
8041
8040
8038
8037
8035
8033
8032
8030
8028
8027
8025
8024
8022
8020
8018
8016
8014
8012
8010
7782
7769
7768
7767
7753
7752
7751
7749
7748
7747
7744
7743
7735
6873
6872
6870
6846
6845
6843
6842
6841
6840
6839
6838
6837
6836
6835
6834
6833
6832
6831
6830
6827
6825
6824
6806
6805
6804
6803
6802
6801
6800
6798
6797
6796
6795
6794
6793
6792
6791
6790
6789
6788
6787
6786
6785
6784
6783
6782
6781
6780
6779
6630
6627
6625
6624
6621
6558
6477
6316
6314
6313
6255
6254
6253
6252
6251
6250
6249
6248
6247
6246
6245
6244
6243
6242
6241
6240
6239
6238
6237
6234
6233
6232
6231
6230
6229
6228
6227
6226
6225
6224
6223
6222
6221
6220
6219
6218
6217
6216
6204
6203
6202
6201
6200
6196
6192
6191
6190
6189
6188
6187
6186
6185
6184
6183
6182
6181
6180
6179
6178
6177
6176
6175
6174
6173
6172
6171
6170
6169
6168
6167
6166
6165
6164
6163
6162
6161
6160
6159
6157
6156
6155
6154
6153
6152
6151
6150
6149
6148
6147
6146
6145
6144
6143
6142
6068
6067
6066
6064
6061
6060
6059
6058
6057
6056
6054
6053
6052
6051
6050
6049
6048
6047
6046
6045
6044
6043
6042
6007
6006
6005
6004
6003
6002
6001
6000
5999
5998
5997
5988
5987
5986
5985
5984
5983
5982
5981
5979
5977
5976
5974
5970
5967
5966
5964
5963
5961
5960
5958
5957
5955
5954
5953
5952
5951
5950
5949
5948
5947
5946
5945
5944
5943
5941
5938
5937
5936
5935
5934
5933
5932
5931
5930
5928
5927
5926
5925
5924
5923
5922
5921
5920
5919
5918
5917
5916
5915
5913
5912
5911
5910
5909
5908
5907
5906
5876
5867
5866
5865
5864
5863
5862
5861
5860
5859
5858
5857
5856
5855
5854
5852
5851
5849
5848
5847
5846
5845
5844
5843
5842
5841
5840
5839
5838
5837
5836
5835
5834
5831
5830
5829
5827
5825
5823
5794
5792
5791
5789
5788
5787
5786
5785
5784
5783
5782
5781
5779
5777
5775
5774
5773
5772
5771
5770
5769
5767
5766
5765
5764
5763
5762
5760
5759
5758
5757
5755
5753
5752
5751
5750
5749
5748
5747
5746
5744
5743
5742
5741
5740
5739
5738
5737
5736
5735
5734
5733
5713
5712
5711
5710
5709
5708
5707
5706
5703
5702
5701
5699
5698
5697
5696
5695
5694
5693
5691
5690
5689
5688
5687
5686
5685
5684
5683
5682
5681
5680
5679
5678
5677
5676
5675
5674
5673
5672
5670
5668
5667
5666
5664
5663
5662
5661
5660
5659
5658
5657
5656
5655
5653
5652
5651
5650
5649
5648
5647
5646
5645
5644
5633
5632
5631
5630
5629
5628
5627
5626
5625
5624
5623
5622
5621
5620
5619
5618
5617
5616
5615
5613
5612
5611
5610
5609
5608
5607
5606
5605
5604
5603
5596
5595
5593
5592
5591
5590
5589
5585
5584
5583
5582
5581
5580
5579
5578
5577
5576
5575
5574
5573
5571
5569
5568
5567
5566
5565
5564
5563
5562
5561
5560
5559
5558
5557
5556
5555
5554
5553
5552
5551
5550
5549
5548
5547
5545
5544
5543
5542
5541
5540
5539
5538
5537
5536
5535
5534
5533
5532
5531
5530
5529
5528
5491
5490
5489
5488
5486
5485
5484
5481
5480
5479
5478
5477
5476
5475
5474
5473
5472
5471
5470
5469
5468
5467
5465
5464
5463
5462
5461
5460
5459
5458
5457
5456
5452
5451
5450
5448
5443
5441
5439
5437
5433
5432
5431
5430
5429
5428
5427
5413
5412
5411
5409
5408
5407
5406
5401
5400
5397
5394
5392
5285
5284
5281
5279
5278
5277
5275
5274
5273
5272
5271
5270
5269
5268
5267
5266
5265
5264
5263
5262
5260
5257
5256
5255
5254
5253
5252
5248
5247
5246
5242
5241
5239
5238
5237
5236
5235
5234
5233
5232
5231
5230
5229
5228
5227
5226
5225
5224
5223
5222
5221
5220
5219
5218
5217
5216
5215
5214
5213
5212
5211
5210
5209
5208
5207
5206
5205
5204
5203
5200
5194
5172
5171
5170
5169
5168
5167
5166
5165
5164
5163
5162
5153
5152
5151
5150
5149
5148
5147
5146
5145
5144
5143
5142
5140
5139
5138
5137
5136
5135
5134
5133
5132
5131
5129
5128
5083
5082
5080
5079
5076
5073
5072
5071
5069
5068
5067
5065
5058
5057
5037
5034
5022
5021
5019
5018
5014
5008
5007
5006
5005
5004
4992
4990
4969
4968
4950
4949
4948
4946
4945
4943
4942
4941
4940
4939
4938
4937
4936
4935
4934
4932
4931
4929
4928
4927
4925
4924
4922
4920
4918
4916
4914
4912
4909
4907
4906
4905
4904
4903
4902
4901
4900
4899
4896
4895
4893
4891
4888
4883
4882
4881
4880
4879
4878
4877
4876
4875
4874
4873
4872
4871
4870
4869
4868
4867
4866
4865
4864
4863
4862
4860
4859
4857
4856
4855
4854
4853
4852
4850
4848
4846
4845
4844
4843
4842
4841
4839
4838
4837
4835
4834
4832
4771
4767
4724
4722
4720
4719
4718
4717
4716
4714
4702
4701
4699
4697
4694
4691
4676
4675
4674
4668
4667
4666
4665
4663
4662
4660
4658
4657
4653
4651
4650
4649
4648
4647
4646
4645
4644
4642
4641
4640
4639
4638
4637
4635
4634
4633
4632
4631
4630
4629
4628
4626
4624
4623
4622
4593
4586
4583
4580
4579
4578
4577
4576
4575
4574
4573
4572
4571
4570
4569
4568
4567
4566
4565
4564
4563
4562
4561
4560
4559
4558
4557
4556
4555
4554
4553
4551
4549
4547
4543
4541
4540
4539
4538
4536
4535
4534
4530
4525
4522
4520
4519
4517
4515
4514
4512
4511
4505
4455
4454
4453
4452
4451
4450
4449
4410
4407
4406
4404
4403
4401
4399
4398
4396
4394
4392
4391
4390
4389
4385
4384
4383
4382
4381
4380
4379
4375
4374
4373
4371
4370
4369
4368
4367
4365
4357
4356
4355
4354
4352
4350
4349
4348
4347
4346
4345
4344
4341
4340
4339
4338
4337
4334
4256
4248
4246
3860
3859
3858
3857
3855
3854
3852
3851
3850
3840
3839
3838
3837
3836
3835
3834
3833
3832
3831
3830
3829
3828
3827
3826
3825
3824
3823
3822
3821
3820
3819
3818
3817
3816
3798
3797
3796
3795
3794
3793
3792
3791
3790
3789
3756
3754
3753
3752
3751
3750
3749
3748
3747
3744
3743
3742
3741
3740
3738
3737
3735
3734
3733
3732
3731
3730
3729
3728
3726
3725
3724
3723
3722
3720
3717
3716
3715
3712
3710
3708
3706
3704
3701
3698
3696
3694
3692
3691
3680
3678
3677
3676
3674
3672
3671
3670
3667
3666
3664
3662
3661
3660
3658
3657
3656
3655
3654
3652
3650
3638
3637
3636
3635
3617
3614
3613
3612
3611
3610
3609
3603
3600
3597
3594
3591
3587
3586
3584
3580
3579
3577
3575
3526
3525
3518
3514
3508
3501
3499
3492
3466
3460
3431
3363
3356
3351
3267
3229
3198
3194
3148
3147
3146
3145
3144
3141
3140
3139
3138
3137
3136
3135
3134
3133
3131
3128
3121
3120
3119
3114
3112
3105
3103
3100
3079
3078
3077
3075
3074
3073
3072
3070
3068
3067
3066
3065
2992
2990
2988
2985
2983
2969
2967
2963
2959
2955
2948
2946
2937
2934
2931
2926
2925
2924
2923
2922
2921
2920
2919
2917
2916
2914
2913
2912
2911
2910
2906
2902
2900
2880
2850
2848
2846
2844
2843
2842
2839
2836
2834
2814
2808
2805
2803
2801
2799
2798
2797
2777
2776
2774
2768
2766
2740
2739
2738
2736
2735
2734
2733
2732
2731
2705
2699
2698
2668
2666
2665
2664
2662
2661
2660
2659
2658
2656
2655
2654
2652
2651
2647
2555
2553
2551
2550
2549
2548
2547
2546
2545
2544
2543
2542
2541
2540
2539
2538
2537
2536
2535
2534
2533
2532
2531
2530
2525
2524
2523
2522
2521
2519
2518
2517
2515
2508
2506
2504
2502
2500
2497
2495
2494
2493
2488
2487
2486
2485
2484
2483
2394
2392
2372
2370
2292
2291
2288
2287
2286
2285
2284
2283
2282
2281
2280
2279
2278
2277
2276
2275
2274
2273
2272
2271
2270
2269
2268
2267
2266
2265
2264
2263
2262
2261
2259
2258
2257
2256
2253
2250
2249
2248
2247
2246
2244
2243
2242
2210
1963
1961
1960
1959
1958
1957
1956
1955
1954
1953
1952
1951
1950
1949
1948
1947
1946
1945
1944
1943
1942
1938
1937
1936
1935
1934
1933
1932
1931
1930
1929
1928
1927
1926
1900
1838
1836
1831
1828
1816
1813
1812
1807
1806
1803
1801
1800
1798
1797
1762
1759
1755
1662
1659
1655
1648
1647
1644
1643
1642
1640
1639
1637
1634
1631
1630
1629
1626
1625
1596
1595
1594
1593
1592
1589
1588
1587
1580
1579
1578
1577
1576
1575
1573
1572
1571
1570
1569
1568
1565
1564
1563
1560
1559
1555
1554
1552
1551
1550
1549
1548
1547
1546
1545
1544
1543
1536
1535
1534
1533
1532
1531
1530
1529
1528
1527
1526
1525
1524
1523
1522
1521
1520
1519
1518
1517
1516
1515
1514
1513
1512
1511
1510
1509
1508
1507
1506
1505
1504
1503
1502
1500
1499
1498
1496
1494
1320
1287
1283
1239
1235
1232
1228
1225
1223
1214
1208
1202
1196
1193
1179
1173
1170
1169
1168
1165
1158
1156
1155
1136
1135
1134
1132
1131
1130
1129
1128
1126
1125
1123
1122
1119
1113
1112
1111
1110
1108
1106
1104
1101
1099
1096
1093
1092
1090
1089
1085
1083
1082
1080
1077
1075
1073
1072
1044
1041
1040
1038
1036
1035
1030
1005
1004
793
792
791
789
788